desc: I1 cache:         32768 B, 64 B, 8-way associative
desc: D1 cache:         32768 B, 64 B, 8-way associative
desc: LL cache:         8388608 B, 64 B, 16-way associative
cmd: ./omp_matmult 1 8000000 8000000
events: Ir I1mr ILmr Dr D1mr DLmr Dw D1mw DLmw 
fl=/build/glibc-uZu3wS/glibc-2.27/csu/../csu/init-first.c
fn=_init
52 8 1 1 0 0 0 4 0 0
55 4 0 0 1 1 0 1 0 0
62 5 1 1 4 2 0 0 0 0
67 1 0 0 0 0 0 1 1 1
68 1 0 0 0 0 0 1 0 0
69 2 1 1 1 1 0 1 1 1
81 4 0 0 0 0 0 1 0 0
84 1 0 0 0 0 0 1 0 0
89 6 0 0 5 0 0 0 0 0
fl=/build/glibc-uZu3wS/glibc-2.27/csu/../csu/libc-start.c
fn=(below main)
137 10 2 2 0 0 0 7 0 0
141 4 0 0 1 1 0 1 0 0
239 2 0 0 0 0 0 0 0 0
240 4 0 0 0 0 0 1 0 0
262 4 0 0 2 0 0 0 0 0
265 2 1 1 0 0 0 0 0 0
266 5 0 0 4 0 0 1 0 0
270 4 0 0 2 1 0 0 0 0
285 2 0 0 0 0 0 0 0 0
297 2 0 0 0 0 0 1 0 0
298 2 1 1 0 0 0 0 0 0
303 2 0 0 1 1 0 1 0 0
304 2 0 0 1 0 0 1 0 0
307 2 0 0 0 0 0 1 0 0
310 6 1 1 5 0 0 1 0 0
fl=/build/glibc-uZu3wS/glibc-2.27/csu/../sysdeps/generic/dl-hash.h
fn=_init
43 1 0 0 0 0 0 0 0 0
44 1 0 0 0 0 0 0 0 0
45 13 0 0 4 1 0 0 0 0
48 12 0 0 0 0 0 0 0 0
62 16 0 0 0 0 0 0 0 0
67 1 0 0 0 0 0 0 0 0
fl=/build/glibc-uZu3wS/glibc-2.27/csu/../sysdeps/unix/sysv/linux/x86_64/init-first.c
fn=_init
36 7 1 1 0 0 0 3 0 0
38 4 1 1 0 0 0 1 0 0
40 3 0 0 0 0 0 0 0 0
41 2 0 0 1 0 0 0 0 0
42 1 1 1 0 0 0 1 0 0
44 3 0 0 0 0 0 1 0 0
45 2 0 0 1 0 0 0 0 0
46 1 0 0 0 0 0 1 0 0
fl=/build/glibc-uZu3wS/glibc-2.27/ctype/ctype-info.c
fn=__ctype_init
31 7 2 2 5 3 0 1 0 0
33 4 0 0 2 1 0 1 0 0
35 4 0 0 2 0 0 1 0 0
36 1 0 0 1 0 0 0 0 0
fl=/build/glibc-uZu3wS/glibc-2.27/dirent/../sysdeps/posix/closedir.c
fn=closedir
31 1 0 0 0 0 0 1 0 0
34 2 1 1 0 0 0 0 0 0
44 1 0 0 1 0 0 0 0 0
50 1 0 0 0 0 0 1 0 0
52 2 0 0 0 0 0 0 0 0
53 1 0 0 1 0 0 0 0 0
fl=/build/glibc-uZu3wS/glibc-2.27/dirent/../sysdeps/posix/opendir.c
fn=opendir
91 2 0 0 1 1 1 0 0 0
119 2 0 0 0 0 0 0 0 0
126 6 0 0 0 0 0 1 0 0
128 4 0 0 1 0 0 0 0 0
171 8 1 1 1 0 0 5 0 0
190 3 1 1 0 0 0 1 0 0
191 10 1 1 7 1 0 0 0 0
212 6 1 1 2 0 0 0 0 0
216 3 0 0 0 0 0 1 0 0
217 2 0 0 0 0 0 0 0 0
235 1 0 0 0 0 0 1 0 0
237 1 0 0 0 0 0 1 0 0
239 1 0 0 0 0 0 1 0 0
240 1 1 1 0 0 0 1 0 0
241 1 0 0 0 0 0 1 0 0
242 1 0 0 0 0 0 1 1 1
243 1 0 0 0 0 0 1 0 0
fl=/build/glibc-uZu3wS/glibc-2.27/dirent/../sysdeps/posix/readdir.c
fn=readdir
39 114 1 1 0 0 0 76 0 0
41 38 0 0 38 0 0 0 0 0
44 152 1 1 76 0 0 0 0 0
51 57 1 1 0 0 0 0 0 0
65 46 0 0 4 0 0 2 0 0
66 4 0 0 0 0 0 0 0 0
71 1 0 0 0 0 0 0 0 0
76 1 0 0 0 0 0 1 0 0
77 1 0 0 0 0 0 0 0 0
80 4 0 0 0 0 0 1 0 0
86 18 0 0 0 0 0 0 0 0
89 18 0 0 18 0 0 0 0 0
102 36 0 0 0 0 0 18 0 0
105 36 0 0 18 0 0 18 0 0
111 36 0 0 18 0 0 0 0 0
114 76 1 1 38 0 0 0 0 0
118 133 1 1 95 0 0 0 0 0
fl=/build/glibc-uZu3wS/glibc-2.27/dirent/../sysdeps/unix/sysv/linux/getdents.c
fn=__getdents
80 16 1 1 0 0 0 12 1 0
95 10 0 0 0 0 0 0 0 0
107 43 0 0 0 0 0 0 0 0
109 36 1 1 36 8 8 0 0 0
110 72 0 0 0 0 0 18 0 0
111 54 0 0 0 0 0 18 0 0
112 18 0 0 0 0 0 18 0 0
114 18 0 0 0 0 0 0 0 0
271 18 0 0 14 0 0 0 0 0
fl=/build/glibc-uZu3wS/glibc-2.27/dlfcn/dlfcn.c
fn=init
29 1 1 1 0 0 0 1 1 0
30 1 0 0 0 0 0 1 0 0
31 1 0 0 1 0 0 0 0 0
fl=/build/glibc-uZu3wS/glibc-2.27/elf/../elf/dl-runtime.c
fn=_dl_fixup
66 54 1 1 0 0 0 18 0 0
68 18 0 0 18 0 0 0 0 0
69 36 0 0 36 2 0 0 0 0
72 90 0 0 36 10 0 0 0 0
73 126 1 1 36 16 0 18 0 0
75 54 0 0 36 2 0 0 0 0
80 36 0 0 0 0 0 0 0 0
84 36 0 0 18 18 13 0 0 0
88 54 0 0 18 4 0 0 0 0
92 36 0 0 36 14 0 0 0 0
93 72 1 1 18 0 0 0 0 0
95 90 0 0 18 8 0 0 0 0
101 18 0 0 0 0 0 0 0 0
102 54 0 0 18 1 0 0 0 0
112 180 1 1 36 6 0 54 0 0
116 90 0 0 54 0 0 0 0 0
126 126 0 0 36 0 0 0 0 0
134 18 0 0 18 0 0 0 0 0
142 72 1 1 18 0 0 0 0 0
146 54 0 0 18 1 0 0 0 0
150 54 0 0 36 0 0 0 0 0
fl=/build/glibc-uZu3wS/glibc-2.27/elf/../elf/dl-sysdep.c
fn=_dl_sysdep_start
88 8 1 1 0 0 0 6 1 1
89 10 1 1 4 1 1 5 0 0
90 1 0 0 0 0 0 0 0 0
112 1 0 0 0 0 0 1 0 0
113 213 1 1 69 9 9 4 3 3
116 2 0 0 0 0 0 1 0 0
117 1 1 1 0 0 0 1 0 0
119 126 5 5 32 6 6 13 1 1
120 110 0 0 18 3 3 0 0 0
123 1 0 0 1 0 0 0 0 0
126 1 1 1 1 0 0 0 0 0
129 1 1 1 1 0 0 0 0 0
130 1 0 0 0 0 0 0 0 0
132 1 0 0 1 0 0 0 0 0
133 1 0 0 0 0 0 0 0 0
153 1 1 1 1 0 0 0 0 0
154 1 0 0 0 0 0 0 0 0
156 1 0 0 1 0 0 0 0 0
157 1 0 0 0 0 0 0 0 0
159 2 2 2 1 0 0 1 0 0
160 1 0 0 0 0 0 1 0 0
165 2 0 0 1 0 0 1 0 0
166 1 0 0 0 0 0 1 0 0
181 2 1 1 1 0 0 1 0 0
182 1 0 0 0 0 0 1 0 0
224 1 0 0 0 0 0 1 1 1
236 2 1 1 0 0 0 2 0 0
238 5 0 0 0 0 0 1 0 0
250 3 0 0 1 0 0 0 0 0
253 5 1 1 1 0 0 1 0 0
254 1 1 0 1 1 0 0 0 0
255 8 0 0 7 1 0 0 0 0
fn=_dl_sysdep_start_cleanup
260 1 1 0 1 0 0 0 0 0
fl=/build/glibc-uZu3wS/glibc-2.27/elf/../elf/dl-tls.c
fn=_dl_add_to_slotinfo
887 8 1 1 0 0 0 6 0 0
893 4 0 0 2 0 0 0 0 0
896 2 0 0 2 2 0 0 0 0
901 14 1 1 4 0 0 0 0 0
942 2 0 0 0 0 0 2 1 0
943 2 0 0 0 0 0 2 0 0
944 8 0 0 8 0 0 0 0 0
fn=_dl_allocate_tls_init
437 9 1 1 0 0 0 7 0 0
438 2 0 0 0 0 0 0 0 0
442 2 0 0 1 1 0 1 0 0
444 2 0 0 0 0 0 0 0 0
445 1 1 1 0 0 0 0 0 0
448 3 0 0 2 1 0 0 0 0
460 2 0 0 1 0 0 1 0 0
465 13 0 0 2 0 0 1 0 0
471 18 1 1 0 0 0 1 0 0
474 2 0 0 2 1 0 0 0 0
475 4 0 0 0 0 0 0 0 0
481 6 1 1 4 0 0 0 0 0
482 4 0 0 0 0 0 0 0 0
484 11 0 0 4 1 0 2 0 0
485 2 1 1 0 0 0 2 0 0
487 4 0 0 0 0 0 0 0 0
488 4 0 0 2 0 0 0 0 0
491 4 0 0 0 0 0 0 0 0
492 8 0 0 4 0 0 0 0 0
494 4 0 0 0 0 0 0 0 0
495 4 0 0 2 0 0 0 0 0
504 2 0 0 0 0 0 2 0 0
507 30 1 1 12 0 0 4 0 0
517 1 1 1 0 0 0 0 0 0
521 3 0 0 2 0 0 1 0 0
524 8 0 0 7 0 0 0 0 0
fn=_dl_allocate_tls_storage
285 2 0 0 1 0 0 0 0 0
286 3 0 0 0 0 0 1 0 0
287 2 1 1 0 0 0 0 0 0
290 1 0 0 0 0 0 1 1 1
296 2 0 0 0 0 0 1 0 0
332 3 1 1 0 0 0 3 0 0
334 1 0 0 1 0 0 0 0 0
345 1 1 1 1 0 0 0 0 0
346 2 0 0 0 0 0 1 0 0
347 3 0 0 0 0 0 0 0 0
355 4 0 0 0 0 0 0 0 0
356 1 0 0 0 0 0 0 0 0
360 297 1 1 0 0 0 289 36 36
379 1 0 0 0 0 0 1 1 1
385 5 0 0 4 0 0 0 0 0
fn=_dl_count_modids
113 2 1 1 1 0 0 0 0 0
114 2 0 0 2 1 1 0 0 0
fn=_dl_determine_tlsoffset
135 5 0 0 0 0 0 5 0 0
136 2 0 0 0 0 0 0 0 0
137 1 0 0 0 0 0 0 0 0
138 1 0 0 0 0 0 0 0 0
141 3 1 1 1 0 0 0 0 0
144 2 0 0 1 0 0 0 0 0
178 1 0 0 0 0 0 0 0 0
180 18 1 1 3 1 1 0 0 0
182 6 1 1 1 0 0 0 0 0
184 6 1 1 2 0 0 0 0 0
185 4 1 1 2 0 0 0 0 0
187 4 0 0 0 0 0 0 0 0
189 10 0 0 2 0 0 0 0 0
205 16 0 0 0 0 0 0 0 0
207 4 0 0 0 0 0 0 0 0
208 4 0 0 0 0 0 0 0 0
217 2 0 0 0 0 0 2 0 0
220 1 0 0 0 0 0 1 0 0
221 1 1 1 0 0 0 1 0 0
272 1 0 0 0 0 0 1 0 0
273 6 0 0 6 0 0 0 0 0
fn=_dl_get_tls_static_info
309 2 0 0 1 0 0 1 1 1
310 2 0 0 1 0 0 1 0 0
311 1 0 0 1 0 0 0 0 0
fn=_dl_next_tls_modid
51 8 1 1 4 0 0 0 0 0
99 2 0 0 0 0 0 2 0 0
103 2 0 0 2 0 0 0 0 0
fl=/build/glibc-uZu3wS/glibc-2.27/elf/../misc/sbrk.c
fn=sbrk
32 4 0 0 0 0 0 2 0 0
40 6 1 1 2 0 0 0 0 0
44 2 0 0 0 0 0 0 0 0
60 5 1 1 3 0 0 0 0 0
fl=/build/glibc-uZu3wS/glibc-2.27/elf/../sysdeps/generic/ldsodefs.h
fn=_dl_relocate_object
102 399 0 0 133 0 0 0 0 0
fn=do_lookup_x
102 396 1 1 132 0 0 0 0 0
fl=/build/glibc-uZu3wS/glibc-2.27/elf/../sysdeps/posix/dl-fileid.h
fn=_dl_map_object_from_fd
37 30 1 1 0 0 0 5 0 0
40 5 0 0 5 0 0 0 0 0
41 10 0 0 5 0 0 5 0 0
49 70 0 0 40 1 1 0 0 0
fl=/build/glibc-uZu3wS/glibc-2.27/elf/../sysdeps/unix/sysv/linux/dl-osinfo.h
fn=dl_main
64 2 0 0 1 1 0 0 0 0
77 1 0 0 1 0 0 0 0 0
fl=/build/glibc-uZu3wS/glibc-2.27/elf/../sysdeps/unix/sysv/linux/dl-sysdep.c
fn=_dl_discover_osversion
45 4 1 1 0 0 0 3 0 0
47 3 1 1 1 0 0 0 0 0
87 5 1 1 0 0 0 1 1 1
102 1 0 0 0 0 0 0 0 0
106 1 0 0 0 0 0 0 0 0
107 1 0 0 0 0 0 0 0 0
109 12 0 0 3 1 1 0 0 0
111 6 0 0 0 0 0 0 0 0
113 12 1 1 3 0 0 0 0 0
119 3 0 0 0 0 0 0 0 0
120 3 0 0 0 0 0 0 0 0
121 3 0 0 0 0 0 0 0 0
123 13 0 0 0 0 0 0 0 0
128 2 1 1 0 0 0 0 0 0
132 5 1 1 4 0 0 0 0 0
fn=_dl_sysdep_start
35 2 0 0 0 0 0 1 0 0
fl=/build/glibc-uZu3wS/glibc-2.27/elf/../sysdeps/unix/sysv/linux/dl-vdso.c
fn=_dl_vdso_vsym
25 20 1 1 4 1 0 4 0 0
26 8 0 0 8 1 0 0 0 0
27 4 1 1 0 0 0 0 0 0
30 8 0 0 0 0 0 0 0 0
47 4 0 0 0 0 0 0 0 0
48 24 1 1 12 0 0 0 0 0
fl=/build/glibc-uZu3wS/glibc-2.27/elf/../sysdeps/unix/sysv/linux/not-errno.h
fn=_dl_important_hwcaps
28 4 1 1 0 0 0 0 0 0
fn=_dl_load_cache_lookup
28 16 0 0 0 0 0 0 0 0
32 12 0 0 0 0 0 0 0 0
fl=/build/glibc-uZu3wS/glibc-2.27/elf/../sysdeps/unix/sysv/linux/x86_64/brk.c
fn=brk
31 7 1 1 0 0 0 1 1 1
33 2 1 1 0 0 0 0 0 0
39 1 0 0 0 0 0 0 0 0
40 1 0 0 1 0 0 0 0 0
fl=/build/glibc-uZu3wS/glibc-2.27/elf/../sysdeps/x86/cpu-features.c
fn=_dl_sysdep_start
37 2 0 0 0 0 0 0 0 0
38 2 0 0 0 0 0 0 0 0
39 6 1 1 0 0 0 4 0 0
198 1 0 0 0 0 0 1 0 0
199 1 1 1 0 0 0 1 0 0
210 3 0 0 0 0 0 1 0 0
213 6 0 0 0 0 0 0 0 0
217 3 0 0 0 0 0 1 0 0
219 6 1 1 0 0 0 1 0 0
224 4 0 0 2 0 0 0 0 0
226 3 1 1 2 0 0 1 0 0
227 7 0 0 1 1 1 0 0 0
273 3 0 0 2 0 0 0 0 0
295 2 0 0 1 0 0 0 0 0
305 7 2 2 0 0 0 1 0 0
318 3 0 0 0 0 0 1 0 0
327 4 0 0 0 0 0 0 0 0
334 6 0 0 1 0 0 0 0 0
381 3 1 1 1 0 0 0 0 0
382 1 0 0 1 0 0 0 0 0
385 2 0 0 0 0 0 0 0 0
386 1 0 0 1 0 0 0 0 0
392 1 0 0 0 0 0 1 0 0
393 1 0 0 0 0 0 1 0 0
394 1 0 0 0 0 0 1 0 0
397 4 1 1 0 0 0 1 0 0
399 6 0 0 1 0 0 2 0 0
401 6 1 1 1 0 0 2 0 0
403 6 0 0 1 0 0 2 0 0
414 1 0 0 0 0 0 1 0 0
415 2 0 0 1 0 0 0 0 0
419 3 1 1 1 0 0 0 0 0
438 3 1 1 0 0 0 0 0 0
440 4 1 1 1 0 0 0 0 0
441 2 0 0 1 0 0 0 0 0
443 4 0 0 1 0 0 0 0 0
444 2 1 1 0 0 0 0 0 0
447 2 0 0 0 0 0 1 0 0
fn=get_common_indeces.constprop.1
48 2 1 1 0 0 0 1 0 0
52 4 0 0 0 0 0 0 0 0
55 5 0 0 0 0 0 3 0 0
58 1 0 0 0 0 0 1 0 0
59 4 1 1 0 0 0 1 0 0
60 4 0 0 0 0 0 1 0 0
61 4 0 0 0 0 0 1 0 0
62 3 0 0 0 0 0 1 0 0
63 2 1 1 1 0 0 0 0 0
70 2 0 0 1 0 0 0 0 0
71 7 0 0 0 0 0 4 0 0
78 3 1 1 1 0 0 0 0 0
82 2 0 0 0 0 0 0 0 0
84 4 0 0 0 0 0 0 0 0
88 2 1 1 0 0 0 0 0 0
91 4 0 0 1 1 1 1 0 0
94 2 0 0 1 0 0 0 0 0
96 3 0 0 0 0 0 1 0 0
98 2 0 0 0 0 0 0 0 0
100 3 0 0 0 0 0 1 0 0
105 3 1 1 0 0 0 0 0 0
124 2 0 0 1 0 0 0 0 0
128 4 0 0 0 0 0 0 0 0
129 2 0 0 0 0 0 0 0 0
131 1 0 0 0 0 0 0 0 0
132 1 0 0 0 0 0 0 0 0
135 2 1 1 0 0 0 1 0 0
137 1 0 0 0 0 0 1 0 0
139 3 0 0 0 0 0 0 0 0
142 2 0 0 0 0 0 0 0 0
192 3 1 1 2 0 0 0 0 0
fl=/build/glibc-uZu3wS/glibc-2.27/elf/../sysdeps/x86/dl-hwcap.h
fn=_dl_important_hwcaps
57 6 0 0 0 0 0 2 0 0
fl=/build/glibc-uZu3wS/glibc-2.27/elf/../sysdeps/x86/dl-procinfo.h
fn=_dl_load_cache_lookup
39 16 0 0 0 0 0 4 0 0
42 32 1 1 0 0 0 8 0 0
fl=/build/glibc-uZu3wS/glibc-2.27/elf/../sysdeps/x86_64/dl-irel.h
fn=_dl_fixup
32 4 1 1 0 0 0 2 0 0
fl=/build/glibc-uZu3wS/glibc-2.27/elf/../sysdeps/x86_64/dl-machine.h
fn=_dl_fixup
242 18 0 0 0 0 0 18 0 0
fn=_dl_relocate_object
76 28 1 1 7 0 0 0 0 0
82 10 1 1 10 4 0 0 0 0
86 15 0 0 5 5 4 0 0 0
92 5 1 1 0 0 0 5 0 0
100 15 0 0 5 0 0 0 0 0
120 10 0 0 5 0 0 0 0 0
122 10 0 0 0 0 0 5 0 0
124 20 0 0 5 0 0 0 0 0
131 15 1 1 5 5 1 0 0 0
276 306 0 0 0 0 0 0 0 0
297 306 0 0 0 0 0 0 0 0
301 306 0 0 0 0 0 0 0 0
308 6363 12 12 1211 122 98 918 7 0
310 673 1 1 274 3 1 0 0 0
313 548 3 3 137 0 0 0 0 0
335 918 0 0 153 4 3 0 0 0
430 69 1 1 23 0 0 0 0 0
434 92 1 1 23 0 0 0 0 0
439 69 0 0 46 2 2 0 0 0
448 69 0 0 23 0 0 23 9 9
458 516 2 2 258 16 15 129 18 12
481 21 0 0 0 0 0 7 0 0
491 12 0 0 0 0 0 6 0 0
497 3 1 1 1 0 0 0 0 0
501 6 0 0 4 0 0 1 0 0
503 3 0 0 2 0 0 0 0 0
504 1 0 0 0 0 0 0 0 0
535 4029 0 0 1343 340 337 0 0 0
540 2686 1 1 0 0 0 0 0 0
541 4029 0 0 1343 169 169 1343 258 250
551 452 0 0 226 0 0 0 0 0
555 374 0 0 0 0 0 0 0 0
557 561 0 0 187 1 0 0 0 0
558 187 0 0 187 25 24 0 0 0
575 78 0 0 78 0 0 0 0 0
577 39 0 0 0 0 0 39 0 0
578 39 0 0 0 0 0 39 2 2
fn=_dl_start
59 3 0 0 1 1 1 0 0 0
301 27 0 0 0 0 0 0 0 0
310 45 0 0 18 1 1 0 0 0
313 36 0 0 9 7 7 0 0 0
335 55 0 0 9 1 1 0 0 0
354 27 1 1 9 1 1 9 2 2
422 1 0 0 0 0 0 0 0 0
540 78 0 0 39 5 5 0 0 0
541 117 1 1 39 5 5 39 21 21
fl=/build/glibc-uZu3wS/glibc-2.27/elf/../sysdeps/x86_64/dl-trampoline.h
fn=_dl_runtime_resolve_xsave
71 18 1 1 0 0 0 18 0 0
74 18 0 0 0 0 0 0 0 0
76 18 0 0 0 0 0 0 0 0
86 18 0 0 18 1 0 0 0 0
92 18 0 0 0 0 0 18 2 0
93 18 0 0 0 0 0 18 0 0
94 18 0 0 0 0 0 18 0 0
95 18 1 1 0 0 0 18 0 0
96 18 0 0 0 0 0 18 0 0
97 18 0 0 0 0 0 18 0 0
98 18 0 0 0 0 0 18 0 0
102 18 0 0 0 0 0 0 0 0
103 18 0 0 0 0 0 0 0 0
106 18 0 0 0 0 0 18 1 0
107 18 0 0 0 0 0 18 0 0
109 18 0 0 0 0 0 18 0 0
110 18 0 0 0 0 0 18 0 0
111 18 0 0 0 0 0 18 0 0
112 18 1 1 0 0 0 18 0 0
113 18 0 0 0 0 0 18 0 0
114 18 0 0 0 0 0 18 0 0
116 18 0 0 18 0 0 594 9 1
123 18 0 0 18 0 0 0 0 0
124 18 0 0 18 0 0 0 0 0
125 18 0 0 0 0 0 18 1 0
126 18 0 0 0 0 0 0 0 0
131 18 0 0 0 0 0 0 0 0
132 18 0 0 0 0 0 0 0 0
133 18 0 0 648 0 0 0 0 0
135 18 0 0 18 0 0 0 0 0
136 18 1 1 18 0 0 0 0 0
137 18 0 0 18 0 0 0 0 0
138 18 0 0 18 0 0 0 0 0
139 18 0 0 18 0 0 0 0 0
140 18 0 0 18 0 0 0 0 0
141 18 0 0 18 0 0 0 0 0
143 18 0 0 0 0 0 0 0 0
145 18 0 0 18 0 0 0 0 0
149 18 0 0 0 0 0 0 0 0
152 18 0 0 0 0 0 0 0 0
fl=/build/glibc-uZu3wS/glibc-2.27/elf/./dl-load.h
fn=_dl_map_object_from_fd
90 20 0 0 10 0 0 0 0 0
91 15 0 0 10 0 0 5 0 0
93 20 0 0 10 0 0 0 0 0
94 15 0 0 9 0 0 0 0 0
95 18 1 1 6 0 0 0 0 0
96 12 0 0 3 0 0 0 0 0
98 12 0 0 0 0 0 3 0 0
fl=/build/glibc-uZu3wS/glibc-2.27/elf/./dl-map-segments.h
fn=_dl_map_object_from_fd
50 10 1 1 5 0 0 0 0 0
56 35 0 0 15 0 0 15 1 1
60 15 0 0 5 0 0 0 0 0
63 15 0 0 5 0 0 5 0 0
64 10 1 1 0 0 0 5 0 0
66 10 0 0 5 0 0 0 0 0
73 65 2 2 20 0 0 10 0 0
80 10 0 0 5 0 0 0 0 0
90 50 0 0 0 0 0 0 0 0
92 30 0 0 15 0 0 5 0 0
94 60 1 1 20 0 0 10 0 0
104 40 1 1 20 0 0 0 0 0
110 10 1 1 5 0 0 0 0 0
111 5 0 0 0 0 0 0 0 0
112 25 0 0 5 0 0 0 0 0
113 10 0 0 0 0 0 0 0 0
120 15 0 0 0 0 0 0 0 0
123 10 1 1 5 0 0 0 0 0
131 50 0 0 15 0 0 20 0 0
137 10 1 1 0 0 0 0 0 0
141 18 0 0 2 0 0 4 0 0
144 6 0 0 2 0 0 0 0 0
149 10 0 0 0 0 0 0 0 0
fl=/build/glibc-uZu3wS/glibc-2.27/elf/dl-addr.c
fn=_dl_addr
30 2 0 0 1 0 0 1 0 0
31 2 0 0 1 0 0 1 0 0
34 2 0 0 1 0 0 0 0 0
38 1 0 0 1 0 0 0 0 0
39 1 0 0 1 0 0 0 0 0
40 3 1 1 2 0 0 1 0 0
42 3 0 0 2 0 0 1 0 0
44 2 0 0 0 0 0 0 0 0
45 2 0 0 1 1 0 0 0 0
50 4050 0 0 2 0 0 0 0 0
52 1011 1 1 1011 60 12 0 0 0
53 2022 0 0 0 0 0 0 0 0
55 3664 0 0 916 0 0 0 0 0
61 11640 1 1 2328 497 442 0 0 0
63 9312 0 0 2328 0 0 0 0 0
64 16897 1 1 5309 372 334 0 0 0
69 2328 0 0 0 0 0 0 0 0
71 8396 0 0 2328 141 73 0 0 0
100 2 1 1 0 0 0 0 0 0
101 1 0 0 0 0 0 1 1 0
102 3 0 0 1 1 0 0 0 0
105 2 0 0 0 0 0 0 0 0
117 1 1 1 0 0 0 1 1 0
118 1 0 0 0 0 0 1 0 0
126 11 1 1 0 0 0 7 0 0
128 1 0 0 0 0 0 0 0 0
131 3 0 0 2 0 0 1 0 0
133 2 0 0 0 0 0 1 0 0
135 3 1 1 0 0 0 0 0 0
138 2 0 0 0 0 0 0 0 0
141 2 0 0 1 1 0 1 1 0
144 9 0 0 7 0 0 0 0 0
fl=/build/glibc-uZu3wS/glibc-2.27/elf/dl-cache.c
fn=_dl_cache_libcmp
141 78 1 1 78 29 29 0 0 0
142 418 0 0 0 0 0 0 0 0
144 820 0 0 0 0 0 0 0 0
146 8 0 0 0 0 0 0 0 0
152 16 0 0 0 0 0 0 0 0
153 12 0 0 0 0 0 0 0 0
154 16 1 1 4 0 0 0 0 0
156 16 0 0 4 0 0 0 0 0
158 8 0 0 0 0 0 0 0 0
164 402 0 0 0 0 0 0 0 0
166 734 0 0 332 0 0 0 0 0
167 105 1 1 35 0 0 0 0 0
170 166 1 1 0 0 0 0 0 0
171 166 0 0 0 0 0 0 0 0
174 12 0 0 4 0 0 0 0 0
fn=_dl_load_cache_lookup
187 36 1 1 0 0 0 24 0 0
195 8 0 0 4 0 0 0 0 0
198 12 0 0 4 1 1 0 0 0
201 5 1 1 0 0 0 1 1 1
209 5 0 0 1 0 0 0 0 0
210 7 1 1 3 1 1 0 0 0
214 1 0 0 0 0 0 1 0 0
217 4 0 0 1 0 0 0 0 0
220 2 1 1 0 0 0 1 0 0
221 3 0 0 0 0 0 0 0 0
222 8 0 0 3 1 1 0 0 0
243 16 1 1 6 0 0 0 0 0
249 8 0 0 0 0 0 0 0 0
258 12 0 0 0 0 0 4 0 0
260 4 0 0 4 0 0 0 0 0
264 24 1 1 4 0 0 8 0 0
266 8 0 0 0 0 0 0 0 0
270 28 0 0 12 0 0 12 0 0
271 12 0 0 4 0 0 0 0 0
285 896 9 9 126 26 26 63 0 0
297 31 2 2 8 0 0 0 0 0
301 8 0 0 4 0 0 0 0 0
305 8 0 0 4 0 0 0 0 0
313 36 1 1 4 0 0 4 0 0
314 12 0 0 0 0 0 4 0 0
315 8 0 0 0 0 0 4 0 0
316 32 0 0 28 0 0 0 0 0
fn=_dl_unload_cache
325 1 0 0 0 0 0 0 0 0
326 4 1 1 1 1 0 0 0 0
328 2 0 0 1 0 0 1 0 0
329 1 1 1 0 0 0 1 0 0
331 2 0 0 1 0 0 0 0 0
fl=/build/glibc-uZu3wS/glibc-2.27/elf/dl-debug.c
fn=_dl_debug_initialize
49 14 2 1 0 0 0 0 0 0
50 7 2 1 7 0 0 0 0 0
54 26 0 0 7 0 0 0 0 0
57 1 0 0 0 0 0 1 0 0
58 9 2 1 6 0 0 1 0 0
59 5 0 0 1 0 0 1 0 0
60 2 0 0 0 0 0 1 0 0
64 1 0 0 1 0 0 0 0 0
fn=_dl_debug_state
74 2 0 0 2 0 0 0 0 0
fl=/build/glibc-uZu3wS/glibc-2.27/elf/dl-deps.c
fn=_dl_map_object_deps
143 4 0 0 0 0 0 2 0 0
144 2 0 0 0 0 0 2 0 0
145 7 0 0 0 0 0 2 0 0
147 2 0 0 0 0 0 0 0 0
151 9 1 1 2 0 0 3 0 0
158 11 0 0 0 0 0 9 0 0
159 9 2 2 0 0 0 0 0 0
175 10 1 1 1 0 0 2 0 0
176 1 0 0 1 0 0 0 0 0
179 1 0 0 0 0 0 1 0 0
185 1 0 0 0 0 0 1 0 0
186 1 0 0 0 0 0 1 0 0
198 2 0 0 1 0 0 1 0 0
199 2 0 0 0 0 0 0 0 0
200 2 1 1 0 0 0 2 0 0
206 9 1 1 0 0 0 7 0 0
209 7 0 0 0 0 0 7 0 0
213 21 1 1 7 0 0 0 0 0
214 46 2 2 20 0 0 0 0 0
216 5 0 0 0 0 0 0 0 0
218 20 0 0 10 0 0 0 0 0
220 39 0 0 0 0 0 6 0 0
225 22 1 1 11 1 1 0 0 0
227 15 0 0 10 0 0 5 0 0
232 5 0 0 0 0 0 5 0 0
233 5 0 0 0 0 0 5 0 0
234 10 1 1 5 0 0 5 0 0
235 10 0 0 5 0 0 5 0 0
238 586 0 0 154 4 0 5 0 0
239 278 1 1 0 0 0 0 0 0
245 90 0 0 20 0 0 10 1 1
247 10 0 0 0 0 0 10 0 0
249 40 1 1 20 0 0 10 0 0
250 20 1 1 10 0 0 0 0 0
259 10 0 0 10 0 0 0 0 0
261 20 0 0 10 0 0 0 0 0
266 15 0 0 0 0 0 0 0 0
269 5 0 0 0 0 0 5 0 0
270 5 0 0 0 0 0 5 0 0
271 5 0 0 0 0 0 5 0 0
272 10 1 1 5 0 0 5 0 0
274 5 0 0 5 0 0 0 0 0
276 25 0 0 5 0 0 10 0 0
280 20 0 0 0 0 0 0 0 0
281 32 0 0 8 0 0 16 0 0
283 387 1 1 0 0 0 0 0 0
304 19 1 1 0 0 0 7 0 0
434 14 1 1 0 0 0 0 0 0
436 15 1 1 5 0 0 5 0 0
438 10 0 0 0 0 0 5 0 0
439 10 0 0 0 0 0 0 0 0
440 10 0 0 0 0 0 0 0 0
443 5 0 0 0 0 0 5 0 0
444 25 0 0 0 0 0 5 0 0
445 30 0 0 5 0 0 5 0 0
448 5 0 0 0 0 0 5 0 0
449 5 0 0 5 0 0 0 0 0
453 40 1 1 20 0 0 0 0 0
455 7 1 1 7 0 0 0 0 0
456 33 1 1 7 0 0 0 0 0
460 6 1 1 2 0 0 0 0 0
461 2 0 0 0 0 0 1 0 0
464 5 0 0 2 0 0 1 0 0
474 2 1 1 0 0 0 2 0 0
475 4 1 1 1 0 0 1 0 0
477 3 0 0 1 0 0 0 0 0
482 7 0 0 3 0 0 1 0 0
483 1 0 0 0 0 0 1 0 0
485 32 1 1 14 0 0 0 0 0
491 14 0 0 0 0 0 7 2 2
495 21 0 0 14 0 0 0 0 0
498 2 0 0 1 0 0 0 0 0
549 3 1 1 2 0 0 0 0 0
550 1 0 0 0 0 0 0 0 0
551 3 0 0 1 0 0 0 0 0
573 12 1 1 0 0 0 6 0 0
586 7 2 2 1 0 0 2 0 0
590 5 0 0 0 0 0 1 0 0
593 1 0 0 0 0 0 1 0 0
595 2 0 0 1 0 0 1 0 0
596 1 0 0 1 0 0 0 0 0
597 3 1 1 1 0 0 0 0 0
604 3 0 0 1 0 0 0 0 0
607 2 1 1 0 0 0 0 0 0
610 8 0 0 7 0 0 0 0 0
fn=openaux
60 20 1 1 0 0 0 10 0 0
63 100 1 1 40 0 0 20 0 0
64 20 0 0 10 0 0 0 0 0
67 10 0 0 10 0 0 0 0 0
68 20 0 0 20 0 0 0 0 0
fl=/build/glibc-uZu3wS/glibc-2.27/elf/dl-environ.c
fn=_dl_next_ld_env_entry
29 3 1 1 3 0 0 0 0 0
32 205 0 0 68 0 0 0 0 0
34 134 0 0 67 0 0 0 0 0
35 20 0 0 10 0 0 0 0 0
37 2 0 0 0 0 0 0 0 0
40 4 1 1 0 0 0 2 0 0
42 2 0 0 2 0 0 0 0 0
45 65 0 0 0 0 0 0 0 0
49 1 0 0 1 0 0 0 0 0
fl=/build/glibc-uZu3wS/glibc-2.27/elf/dl-error-skeleton.c
fn=_dl_catch_error
213 7 1 1 0 0 0 3 0 0
215 4 0 0 0 0 0 1 0 0
216 2 1 1 1 0 0 1 0 0
217 2 0 0 1 0 0 1 0 0
218 2 0 0 1 0 0 1 0 0
220 5 0 0 4 0 0 0 0 0
fn=_dl_catch_exception
175 44 1 1 0 0 0 33 0 0
187 22 1 1 0 0 0 22 2 2
188 22 0 0 0 0 0 11 0 0
190 22 0 0 11 0 0 11 0 0
191 22 0 0 0 0 0 11 0 0
194 66 0 0 0 0 0 11 0 0
196 33 1 1 22 0 0 11 0 0
197 22 0 0 11 0 0 11 0 0
198 44 0 0 11 0 0 22 0 0
207 44 0 0 22 0 0 0 0 0
fn=_dl_receive_error
226 3 0 0 0 0 0 2 0 0
227 1 0 0 1 0 0 0 0 0
228 1 1 1 1 0 0 0 0 0
231 1 0 0 0 0 0 1 0 0
232 1 0 0 0 0 0 1 0 0
234 2 0 0 0 0 0 1 0 0
236 1 0 0 0 0 0 1 0 0
237 1 0 0 0 0 0 1 0 0
238 4 0 0 3 0 0 0 0 0
fl=/build/glibc-uZu3wS/glibc-2.27/elf/dl-hwcaps.c
fn=_dl_important_hwcaps
42 13 2 2 0 0 0 10 2 2
43 8 0 0 1 0 0 3 0 0
46 3 0 0 0 0 0 0 0 0
55 18 1 1 1 0 0 0 0 0
56 6 0 0 0 0 0 0 0 0
57 4 0 0 0 0 0 0 0 0
65 3 1 1 1 0 0 0 0 0
69 3 1 1 0 0 0 0 0 0
129 1 0 0 0 0 0 0 0 0
131 4 1 1 0 0 0 0 0 0
146 7 0 0 0 0 0 0 0 0
147 1 0 0 0 0 0 0 0 0
149 2 0 0 0 0 0 0 0 0
166 1 0 0 0 0 0 0 0 0
183 19 2 2 2 0 0 1 0 0
184 6 0 0 2 0 0 2 1 1
186 1 0 0 0 0 0 1 1 1
187 2 0 0 0 0 0 2 0 0
188 7 0 0 1 0 0 0 0 0
191 3 1 1 1 0 0 0 0 0
193 1 0 0 0 0 0 1 0 0
194 6 0 0 1 0 0 1 0 0
198 2 0 0 0 0 0 1 0 0
199 1 0 0 0 0 0 1 0 0
202 3 0 0 1 0 0 0 0 0
205 4 1 1 0 0 0 1 0 0
209 8 0 0 1 0 0 2 0 0
210 4 0 0 1 0 0 0 0 0
212 3 1 1 0 0 0 0 0 0
213 2 0 0 0 0 0 0 0 0
214 3 0 0 1 0 0 0 0 0
215 2 0 0 0 0 0 0 0 0
222 2 1 1 0 0 0 0 0 0
228 11 0 0 1 0 0 5 0 0
229 5 1 1 0 0 0 1 0 0
230 4 0 0 2 0 0 0 0 0
259 10 0 0 0 0 0 3 0 0
262 6 1 1 2 0 0 2 0 0
265 2 1 1 0 0 0 0 0 0
269 1 0 0 1 0 0 0 0 0
272 2 0 0 0 0 0 0 0 0
275 12 0 0 4 0 0 4 0 0
278 13 1 1 3 0 0 0 0 0
279 24 1 1 1 0 0 6 0 0
280 6 0 0 2 0 0 2 0 0
283 10 1 1 4 0 0 4 0 0
285 7 0 0 3 0 0 0 0 0
290 28 1 1 2 0 0 0 0 0
291 16 0 0 0 0 0 8 1 1
295 22 1 1 0 0 0 0 0 0
298 51 0 0 0 0 0 0 0 0
299 72 0 0 0 0 0 0 0 0
300 36 0 0 24 0 0 0 0 0
302 6 0 0 0 0 0 0 0 0
305 3 0 0 1 0 0 0 0 0
306 2 0 0 0 0 0 0 0 0
307 15 1 1 1 0 0 0 0 0
309 6 0 0 0 0 0 0 0 0
310 2 1 1 2 0 0 0 0 0
313 4 0 0 0 0 0 2 0 0
320 19 0 0 6 0 0 4 0 0
321 4 0 0 0 0 0 0 0 0
323 8 0 0 0 0 0 0 0 0
326 3 0 0 2 0 0 1 0 0
328 2 1 1 1 0 0 0 0 0
329 9 1 1 7 0 0 0 0 0
fl=/build/glibc-uZu3wS/glibc-2.27/elf/dl-init.c
fn=_dl_init
30 24 3 2 8 0 0 0 0 0
36 14 0 0 0 0 0 7 0 0
39 28 0 0 14 1 0 0 0 0
40 3 2 1 0 0 0 0 0 0
44 18 1 1 6 4 0 0 0 0
45 3 1 1 1 0 0 0 0 0
49 10 0 0 5 0 0 0 0 0
58 36 2 1 15 7 0 6 0 0
61 1 0 0 1 1 0 0 0 0
62 10 0 0 0 0 0 0 0 0
68 15 1 1 10 3 0 0 0 0
70 14 0 0 10 1 0 0 0 0
71 59 1 1 12 1 0 7 0 0
72 48 1 1 10 5 0 10 0 0
79 11 1 1 0 0 0 6 0 0
80 1 0 0 1 1 0 0 0 0
81 1 0 0 1 0 0 0 0 0
84 3 1 1 1 0 0 0 0 0
87 2 0 0 0 0 0 1 0 0
92 2 0 0 0 0 0 0 0 0
117 2 0 0 1 0 0 0 0 0
118 24 0 0 0 0 0 0 0 0
119 21 0 0 14 2 0 0 0 0
125 8 0 0 7 1 0 0 0 0
fl=/build/glibc-uZu3wS/glibc-2.27/elf/dl-load.c
fn=_dl_dst_count
230 70 1 1 0 0 0 60 0 0
233 20 0 0 0 0 0 10 0 0
236 20 0 0 0 0 0 0 0 0
237 10 0 0 0 0 0 0 0 0
256 90 1 1 70 0 0 0 0 0
fn=_dl_init_paths
678 9 2 2 0 0 0 7 0 0
691 6 0 0 2 0 0 2 1 1
695 1 1 1 0 0 0 1 0 0
696 2 0 0 0 0 0 1 0 0
697 3 0 0 0 0 0 0 0 0
704 4 0 0 0 0 0 0 0 0
705 5 0 0 1 0 0 2 0 0
708 6 1 1 0 0 0 2 0 0
710 2 0 0 0 0 0 0 0 0
716 1 0 0 0 0 0 1 0 0
717 1 0 0 0 0 0 1 0 0
719 1 0 0 0 0 0 0 0 0
725 3 0 0 0 0 0 3 0 0
727 8 0 0 0 0 0 4 0 0
728 4 0 0 0 0 0 4 3 3
730 5 0 0 0 0 0 4 0 0
731 8 1 1 3 0 0 4 1 1
732 7 1 1 0 0 0 0 0 0
735 6 0 0 3 2 2 0 0 0
736 24 0 0 8 0 0 4 0 0
739 30 1 1 3 0 0 5 0 0
745 1 0 0 0 0 0 1 1 1
746 1 1 1 0 0 0 1 0 0
750 1 0 0 1 0 0 0 0 0
751 2 0 0 0 0 0 0 0 0
753 4 0 0 1 0 0 0 0 0
755 3 0 0 1 0 0 0 0 0
772 2 0 0 0 0 0 1 0 0
774 3 1 1 1 0 0 0 0 0
788 2 1 1 0 0 0 1 0 0
793 5 1 1 2 0 0 0 0 0
795 12 2 2 0 0 0 2 0 0
799 2 0 0 0 0 0 0 0 0
800 61 1 1 15 0 0 0 0 0
801 56 0 0 0 0 0 0 0 0
804 1 0 0 0 0 0 1 0 0
805 1 0 0 0 0 0 1 0 0
806 2 0 0 0 0 0 0 0 0
812 7 0 0 0 0 0 1 0 0
815 3 0 0 2 0 0 0 0 0
821 1 0 0 0 0 0 1 0 0
825 8 0 0 7 0 0 0 0 0
fn=_dl_map_object
656 42 1 1 14 0 0 0 0 0
659 4 0 0 0 0 0 0 0 0
662 6 1 1 2 0 0 0 0 0
665 15 2 2 8 0 0 2 0 0
2151 99 2 2 0 0 0 88 5 5
2153 5 0 0 0 0 0 5 0 0
2159 22 0 0 0 0 0 0 0 0
2160 44 0 0 11 1 1 0 0 0
2163 193 1 1 46 0 0 0 0 0
2168 287 0 0 41 0 0 0 0 0
2170 205 1 1 0 0 0 41 0 0
2174 70 0 0 35 0 0 0 0 0
2175 105 0 0 35 0 0 0 0 0
2178 17 0 0 17 0 0 0 0 0
2179 34 0 0 34 0 0 0 0 0
2180 68 0 0 0 0 0 17 0 0
2196 15 1 1 5 0 0 0 0 0
2206 15 0 0 5 0 0 0 0 0
2240 5 0 0 0 0 0 5 2 2
2242 29 2 2 4 0 0 5 0 0
2246 16 0 0 0 0 0 8 0 0
2248 8 0 0 0 0 0 0 0 0
2255 16 0 0 4 0 0 0 0 0
2259 16 2 2 4 0 0 4 0 0
2260 8 0 0 0 0 0 4 0 0
2264 18 0 0 6 0 0 0 0 0
2265 1 0 0 0 0 0 0 0 0
2267 28 0 0 0 0 0 12 0 0
2279 12 0 0 0 0 0 0 0 0
2280 28 1 1 4 0 0 4 0 0
2290 8 1 1 4 0 0 0 0 0
2291 60 2 2 4 0 0 16 0 0
2297 20 0 0 0 0 0 0 0 0
2298 1 0 0 0 0 0 0 0 0
2306 4 0 0 0 0 0 4 0 0
2320 8 1 1 0 0 0 0 0 0
2322 12 0 0 4 0 0 0 0 0
2326 12 0 0 0 0 0 4 0 0
2328 8 0 0 0 0 0 0 0 0
2332 8 1 1 0 0 0 0 0 0
2340 12 0 0 4 0 0 0 0 0
2363 44 0 0 0 0 0 12 0 0
2367 20 1 1 12 0 0 0 0 0
2368 8 0 0 0 0 0 4 0 0
2385 8 1 1 4 0 0 0 0 0
2391 1 0 0 0 0 0 1 0 0
2393 6 0 0 0 0 0 1 0 0
2394 5 0 0 0 0 0 1 0 0
2398 10 1 1 0 0 0 2 0 0
2401 5 0 0 3 0 0 0 0 0
2413 19 1 1 0 0 0 0 0 0
2415 8 0 0 0 0 0 0 0 0
2459 10 0 0 5 0 0 5 0 0
2460 75 1 1 15 0 0 25 0 0
2462 99 1 1 77 0 0 0 0 0
fn=_dl_map_object_from_fd
424 6 1 1 3 0 0 0 0 0
863 75 1 1 0 0 0 55 2 2
873 20 1 1 5 0 0 10 1 1
874 5 0 0 0 0 0 5 0 0
889 95 0 0 30 0 0 0 0 0
890 40 1 1 20 0 0 0 0 0
907 10 1 1 5 0 0 0 0 0
931 20 0 0 5 0 0 5 0 0
941 10 1 1 5 0 0 0 0 0
963 20 0 0 10 0 0 0 0 0
995 10 0 0 0 0 0 0 0 0
998 40 1 1 25 0 0 5 0 0
999 10 0 0 0 0 0 0 0 0
1010 15 0 0 10 0 0 5 4 4
1011 20 0 0 10 0 0 10 0 0
1012 10 0 0 5 0 0 5 0 0
1014 15 1 1 0 0 0 0 0 0
1015 20 0 0 10 0 0 0 0 0
1016 5 0 0 0 0 0 0 0 0
1031 15 0 0 0 0 0 10 0 0
1033 5 0 0 0 0 0 5 0 0
1035 50 1 1 5 0 0 5 0 0
1036 5 0 0 0 0 0 0 0 0
1037 5 1 1 0 0 0 5 0 0
1043 271 0 0 0 0 0 0 0 0
1044 307 2 2 41 0 0 0 0 0
1050 10 0 0 5 0 0 0 0 0
1055 10 0 0 5 0 0 5 0 0
1056 20 0 0 5 0 0 5 0 0
1061 4 0 0 2 0 0 2 0 0
1062 2 0 0 0 0 0 0 0 0
1067 50 2 2 20 0 0 0 0 0
1072 80 0 0 20 0 0 0 0 0
1080 40 0 0 0 0 0 0 0 0
1081 40 1 1 0 0 0 10 6 6
1082 50 0 0 10 0 0 10 0 0
1083 10 0 0 0 0 0 10 1 1
1084 20 0 0 10 0 0 10 0 0
1085 20 0 0 0 0 0 10 1 1
1089 20 0 0 0 0 0 0 0 0
1090 30 0 0 15 0 0 5 0 0
1094 20 0 0 0 0 0 0 0 0
1095 70 1 1 10 0 0 10 0 0
1105 10 0 0 0 0 0 0 0 0
1108 6 1 1 2 0 0 0 0 0
1112 2 0 0 0 0 0 2 2 2
1113 6 0 0 4 0 0 2 0 0
1114 4 0 0 0 0 0 0 0 0
1115 2 0 0 0 0 0 0 0 0
1117 6 1 1 0 0 0 2 0 0
1118 4 0 0 2 0 0 2 0 0
1121 2 0 0 0 0 0 2 0 0
1125 8 0 0 2 0 0 0 0 0
1131 6 0 0 2 0 0 4 1 1
1132 2 0 0 0 0 0 0 0 0
1140 25 0 0 5 0 0 5 0 0
1147 10 1 1 5 0 0 5 0 0
1148 5 1 1 0 0 0 0 0 0
1151 10 0 0 5 0 0 5 1 1
1152 10 0 0 5 0 0 5 0 0
1153 5 0 0 0 0 0 0 0 0
1156 20 0 0 5 0 0 0 0 0
1165 10 0 0 0 0 0 0 0 0
1175 45 1 1 15 0 0 10 0 0
1187 20 1 1 10 0 0 0 0 0
1196 15 1 1 5 0 0 5 0 0
1203 10 1 1 0 0 0 0 0 0
1218 15 0 0 5 0 0 0 0 0
1237 10 0 0 5 0 0 5 0 0
1239 25 1 1 10 0 0 0 0 0
1293 15 0 0 5 3 3 0 0 0
1294 4 0 0 2 0 0 2 0 0
1297 20 0 0 5 0 0 5 0 0
1306 10 0 0 5 0 0 0 0 0
1308 20 1 1 10 0 0 5 0 0
1310 10 0 0 5 0 0 0 0 0
1326 10 0 0 0 0 0 5 0 0
1330 10 0 0 5 0 0 0 0 0
1331 10 0 0 5 0 0 0 0 0
1348 10 1 1 5 0 0 0 0 0
1349 2 0 0 0 0 0 2 0 0
1352 15 0 0 5 0 0 10 0 0
1357 10 0 0 5 0 0 0 0 0
1367 10 0 0 5 0 0 0 0 0
1377 15 1 1 5 0 0 5 0 0
1381 15 0 0 5 0 0 0 0 0
1401 45 0 0 35 0 0 0 0 0
fn=expand_dynamic_string_token
233 6 1 1 0 0 0 2 1 1
236 4 0 0 0 0 0 0 0 0
375 18 1 1 0 0 0 12 0 0
389 4 0 0 0 0 0 0 0 0
400 14 0 0 12 0 0 0 0 0
fn=fillin_rpath
444 16 2 2 0 0 0 12 0 0
446 1 0 0 0 0 0 0 0 0
448 12 0 0 4 0 0 2 0 0
455 2 1 1 1 0 0 0 0 0
457 4 0 0 1 0 0 1 0 0
461 2 0 0 0 0 0 0 0 0
466 2 0 0 0 0 0 1 0 0
467 2 0 0 0 0 0 0 0 0
474 7 2 2 1 0 0 0 0 0
479 4 0 0 0 0 0 2 0 0
483 17 1 1 5 0 0 0 0 0
484 8 0 0 4 0 0 0 0 0
502 4 3 3 1 0 0 1 0 0
505 1 1 1 0 0 0 1 0 0
506 7 0 0 2 0 0 2 0 0
508 3 0 0 1 0 0 0 0 0
512 2 0 0 0 0 0 2 1 1
513 1 0 0 0 0 0 0 0 0
514 4 0 0 0 0 0 2 0 0
515 2 0 0 1 0 0 1 0 0
517 2 0 0 1 0 0 0 0 0
523 4 1 1 1 0 0 0 0 0
524 40 2 2 1 0 0 1 0 0
525 12 1 1 0 0 0 5 0 0
527 2 0 0 1 0 0 1 0 0
528 3 1 1 1 0 0 0 0 0
533 2 1 1 0 0 0 1 0 0
535 1 0 0 0 0 0 1 0 0
536 1 0 0 0 0 0 1 0 0
539 3 0 0 0 0 0 1 0 0
541 3 0 0 1 0 0 1 0 0
545 1 0 0 0 0 0 1 0 0
548 9 0 0 7 0 0 0 0 0
fn=open_path
2003 32 1 1 0 0 0 24 1 1
2004 8 1 1 4 0 0 4 1 1
2007 4 0 0 0 0 0 4 0 0
2008 4 0 0 0 0 0 4 0 0
2010 8 0 0 0 0 0 0 0 0
2015 72 1 1 12 0 0 28 2 2
2018 12 1 1 8 0 0 0 0 0
2022 12 0 0 0 0 0 0 0 0
2027 16 0 0 0 0 0 4 0 0
2034 20 1 1 8 0 0 8 2 2
2035 98 0 0 0 0 0 0 0 0
2038 64 1 1 32 0 0 0 0 0
2042 110 0 0 66 0 0 22 0 0
2045 22 1 1 0 0 0 11 0 0
2048 33 0 0 11 0 0 0 0 0
2051 110 0 0 55 0 0 22 0 0
2053 55 1 1 33 0 0 0 0 0
2055 16 0 0 0 0 0 0 0 0
2060 16 1 1 8 0 0 0 0 0
2061 64 1 1 32 0 0 0 0 0
2067 89 1 1 35 0 0 12 0 0
2069 48 0 0 8 0 0 8 0 0
2070 2 0 0 1 0 0 0 0 0
2072 23 1 1 0 0 0 8 0 0
2079 12 0 0 0 0 0 0 0 0
2081 6 0 0 0 0 0 0 0 0
2089 8 0 0 0 0 0 4 0 0
2099 42 0 0 0 0 0 0 0 0
2117 8 0 0 0 0 0 0 0 0
2120 28 2 2 4 0 0 0 0 0
2125 4 0 0 4 0 0 0 0 0
2127 16 0 0 12 0 0 0 0 0
2130 12 0 0 4 0 0 0 0 0
2144 36 2 2 28 0 0 0 0 0
fn=open_verify.constprop.7
1653 224 2 2 16 0 0 128 3 3
1692 78 0 0 16 0 0 0 0 0
1705 11 0 0 0 0 0 0 0 0
1723 64 0 0 0 0 0 16 1 1
1725 37 1 1 0 0 0 0 0 0
1730 20 0 0 0 0 0 0 0 0
1736 5 0 0 0 0 0 5 0 0
1737 15 0 0 0 0 0 10 2 2
1742 35 0 0 5 0 0 5 0 0
1744 10 0 0 0 0 0 0 0 0
1746 10 1 1 5 0 0 5 0 0
1748 10 0 0 0 0 0 0 0 0
1754 10 0 0 0 0 0 0 0 0
1770 82 3 3 46 2 2 0 0 0
1844 10 0 0 5 0 0 0 0 0
1849 10 1 1 5 0 0 0 0 0
1851 20 0 0 5 0 0 0 0 0
1857 10 0 0 0 0 0 0 0 0
1868 10 0 0 5 0 0 0 0 0
1874 20 0 0 5 2 2 0 0 0
1875 20 1 1 5 0 0 0 0 0
1876 10 0 0 5 0 0 0 0 0
1896 188 0 0 0 0 0 0 0 0
1898 92 1 1 41 11 11 0 0 0
1911 15 0 0 0 0 0 0 0 0
1914 20 1 1 10 0 0 0 0 0
1915 15 1 1 5 0 0 0 0 0
1939 48 1 1 32 3 3 0 0 0
1941 5 0 0 0 0 0 0 0 0
1942 60 2 2 10 0 0 0 0 0
1945 15 0 0 0 0 0 0 0 0
1950 3 0 0 0 0 0 0 0 0
1951 10 0 0 2 0 0 0 0 0
1954 6 0 0 0 0 0 0 0 0
1957 6 0 0 3 1 1 0 0 0
1958 12 1 1 3 0 0 0 0 0
1959 3 0 0 3 0 0 0 0 0
1960 9 0 0 3 0 0 0 0 0
1961 9 0 0 3 0 0 0 0 0
1985 15 1 1 0 0 0 5 0 0
1989 144 1 1 112 0 0 0 0 0
fl=/build/glibc-uZu3wS/glibc-2.27/elf/dl-lookup.c
fn=_dl_lookup_symbol_x
554 296 0 0 0 0 0 0 0 0
555 9264 1 1 2279 116 104 0 0 0
556 8524 0 0 0 0 0 0 0 0
790 2072 2 2 148 0 0 1332 6 0
792 296 0 0 0 0 0 148 2 0
793 296 0 0 0 0 0 148 1 0
796 148 0 0 148 2 0 0 0 0
800 698 0 0 275 0 0 0 0 0
804 1628 1 1 296 0 0 592 0 0
805 444 1 1 148 9 0 0 0 0
811 540 0 0 180 0 0 0 0 0
813 1924 1 1 740 0 0 1036 3 0
816 708 0 0 132 0 0 0 0 0
819 64 0 0 0 0 0 0 0 0
841 296 0 0 148 0 0 0 0 0
843 96 1 1 16 0 0 0 0 0
860 16 1 1 0 0 0 16 0 0
861 32 1 1 0 0 0 0 0 0
865 924 1 1 264 0 0 0 0 0
896 132 0 0 0 0 0 0 0 0
905 528 0 0 132 0 0 0 0 0
919 396 0 0 132 6 0 0 0 0
920 2 1 1 0 0 0 1 0 0
922 528 1 1 264 0 0 0 0 0
927 132 0 0 0 0 0 132 0 0
929 1364 0 0 1036 0 0 0 0 0
fn=_dl_setup_hash
939 21 1 1 7 0 0 0 0 0
943 7 0 0 7 0 0 0 0 0
947 14 0 0 7 7 7 7 1 1
948 7 0 0 7 0 0 0 0 0
949 7 0 0 7 1 1 0 0 0
951 21 0 0 0 0 0 0 0 0
952 7 0 0 0 0 0 7 0 0
953 21 0 0 7 0 0 7 0 0
955 7 1 1 0 0 0 7 0 0
956 14 0 0 0 0 0 0 0 0
958 7 0 0 0 0 0 7 0 0
960 21 0 0 0 0 0 7 0 0
961 7 0 0 7 0 0 0 0 0
fn=do_lookup_x
78 924 1 1 396 18 14 0 0 0
90 1668 0 0 0 0 0 708 0 0
93 816 0 0 408 0 0 138 0 0
97 132 0 0 132 0 0 0 0 0
98 264 1 1 132 0 0 0 0 0
100 254 0 0 0 0 0 0 0 0
119 127 0 0 127 41 22 0 0 0
120 1143 1 1 508 15 0 0 0 0
121 1270 2 2 508 7 0 381 0 0
148 10 1 1 0 0 0 0 0 0
150 25 0 0 10 3 3 0 0 0
180 84 1 1 48 0 0 0 0 0
294 551 0 0 0 0 0 0 0 0
338 1924 2 2 148 0 0 1628 13 1
339 148 0 0 148 2 0 0 0 0
344 296 0 0 148 0 0 0 0 0
345 148 0 0 148 0 0 0 0 0
349 1368 1 1 1368 19 0 0 0 0
352 1368 0 0 684 0 0 0 0 0
356 2264 0 0 152 0 0 148 0 0
360 1366 1 1 683 14 0 0 0 0
364 1366 0 0 683 2 0 0 0 0
370 2049 0 0 683 12 0 0 0 0
374 144 0 0 0 0 0 144 0 0
375 144 1 1 0 0 0 144 0 0
378 1366 0 0 1366 27 0 0 0 0
379 2049 1 1 1366 3 0 683 0 0
382 683 0 0 683 0 0 0 0 0
383 1366 0 0 0 0 0 0 0 0
385 683 0 0 683 92 41 0 0 0
386 296 1 1 0 0 0 148 0 0
387 1366 0 0 1366 0 0 0 0 0
390 3415 0 0 1366 0 0 0 0 0
393 4781 1 1 0 0 0 0 0 0
396 300 0 0 300 93 68 0 0 0
397 450 1 1 0 0 0 0 0 0
398 300 0 0 0 0 0 0 0 0
400 432 0 0 144 0 0 144 0 0
403 1415 1 1 566 104 85 0 0 0
405 528 0 0 132 0 0 0 0 0
406 396 0 0 132 56 41 0 0 0
407 264 0 0 0 0 0 0 0 0
413 453 0 0 0 0 0 0 0 0
421 296 0 0 0 0 0 0 0 0
446 24 1 1 12 0 0 0 0 0
452 1320 1 1 660 0 0 0 0 0
503 264 0 0 0 0 0 0 0 0
506 996 1 1 132 0 0 0 0 0
510 45 0 0 15 1 0 0 0 0
522 792 2 2 396 0 0 396 0 0
524 132 0 0 0 0 0 0 0 0
540 3598 0 0 1383 4 0 0 0 0
541 1400 0 0 200 0 0 400 4 0
544 1656 0 0 0 0 0 0 0 0
547 32 0 0 0 0 0 0 0 0
548 1184 0 0 1036 0 0 0 0 0
fl=/build/glibc-uZu3wS/glibc-2.27/elf/dl-minimal.c
fn=calloc
92 14 1 1 0 0 0 0 0 0
96 14 0 0 0 0 0 0 0 0
99 28 0 0 0 0 0 0 0 0
100 42 0 0 0 0 0 0 0 0
103 14 0 0 0 0 0 0 0 0
fn=free
111 24 1 1 12 0 0 0 0 0
fn=malloc
49 6 0 0 0 0 0 4 0 0
50 147 1 1 73 0 0 0 0 0
55 5 0 0 1 0 0 1 0 0
56 2 2 2 1 0 0 0 0 0
57 2 0 0 0 0 0 0 0 0
61 111 0 0 0 0 0 37 0 0
64 251 1 1 0 0 0 0 0 0
69 8 0 0 2 0 0 0 0 0
70 4 0 0 0 0 0 0 0 0
72 2 0 0 0 0 0 0 0 0
73 16 1 1 0 0 0 2 0 0
75 4 0 0 0 0 0 0 0 0
77 6 0 0 2 0 0 0 0 0
79 6 0 0 0 0 0 2 0 0
82 37 0 0 0 0 0 37 0 0
83 37 0 0 0 0 0 37 0 0
85 80 0 0 41 0 0 0 0 0
fn=strsep
265 4 1 1 2 0 0 0 0 0
267 2 0 0 2 0 0 0 0 0
268 4 0 0 0 0 0 0 0 0
272 77 0 0 15 0 0 0 0 0
277 56 1 1 28 0 0 0 0 0
279 84 0 0 28 0 0 0 0 0
287 14 0 0 0 0 0 0 0 0
290 1 0 0 0 0 0 1 0 0
294 2 0 0 2 0 0 0 0 0
fl=/build/glibc-uZu3wS/glibc-2.27/elf/dl-misc.c
fn=_dl_name_match_p
282 1460 1 1 0 0 0 584 2 2
283 1168 0 0 292 1 0 292 0 0
284 308 1 1 0 0 0 0 0 0
286 292 1 1 292 0 0 0 0 0
288 1164 0 0 0 0 0 0 0 0
289 1530 0 0 306 17 0 306 0 0
292 290 0 0 290 0 0 0 0 0
294 276 0 0 0 0 0 0 0 0
295 1460 0 0 876 0 0 0 0 0
fn=_dl_sysdep_read_whole_file
44 8 1 1 0 0 0 4 0 0
47 3 0 0 0 0 0 1 0 0
48 2 0 0 0 0 0 0 0 0
50 7 1 1 0 0 0 1 0 0
52 2 0 0 1 0 0 1 0 0
55 2 0 0 0 0 0 0 0 0
57 8 1 1 0 0 0 1 0 0
68 2 0 0 0 0 0 1 0 0
71 7 0 0 5 0 0 0 0 0
fl=/build/glibc-uZu3wS/glibc-2.27/elf/dl-object.c
fn=_dl_add_to_namespace_list
31 30 2 2 0 0 0 18 0 0
33 18 0 0 6 0 0 6 0 0
35 52 0 0 6 0 0 0 0 0
38 60 0 0 20 0 0 0 0 0
40 5 0 0 0 0 0 5 0 0
42 5 0 0 0 0 0 5 0 0
45 2 1 1 0 0 0 1 0 0
46 18 0 0 6 0 0 0 0 0
47 12 0 0 6 0 0 6 0 0
48 12 0 0 0 0 0 6 0 0
50 12 0 0 6 0 0 0 0 0
51 18 0 0 18 0 0 0 0 0
fn=_dl_new_object
59 78 1 1 0 0 0 48 3 3
60 36 0 0 0 0 0 18 1 1
66 36 1 1 6 0 0 0 0 0
68 12 0 0 0 0 0 0 0 0
73 30 0 0 0 0 0 12 0 0
76 12 0 0 0 0 0 0 0 0
79 6 0 0 0 0 0 6 5 5
80 18 1 1 6 0 0 6 6 6
84 12 0 0 0 0 0 6 1 1
85 48 1 1 18 0 0 18 5 5
87 6 0 0 0 0 0 6 0 0
95 36 0 0 12 0 0 6 1 1
96 30 0 0 6 6 6 6 0 0
99 12 1 1 6 0 0 0 0 0
100 17 2 2 5 0 0 6 6 6
101 6 0 0 0 0 0 6 2 2
105 6 0 0 0 0 0 6 0 0
108 49 0 0 0 0 0 0 0 0
110 32 0 0 0 0 0 16 4 4
120 12 0 0 0 0 0 6 3 3
121 6 0 0 0 0 0 6 6 6
124 1 1 1 0 0 0 0 0 0
126 36 1 1 6 0 0 0 0 0
128 15 0 0 0 0 0 5 1 1
131 16 0 0 0 0 0 0 0 0
135 21 0 0 7 0 0 0 0 0
139 26 1 1 0 0 0 0 0 0
147 1 0 0 0 0 0 1 0 0
150 12 1 1 0 0 0 6 0 0
153 18 0 0 0 0 0 6 0 0
155 20 0 0 5 0 0 10 0 0
159 20 0 0 5 0 0 0 0 0
163 20 1 1 0 0 0 5 0 0
164 10 0 0 0 0 0 0 0 0
172 5 0 0 0 0 0 0 0 0
176 5 0 0 0 0 0 0 0 0
209 100 1 1 5 0 0 5 0 0
214 85 0 0 0 0 0 0 0 0
215 180 0 0 85 0 0 0 0 0
220 10 0 0 0 0 0 5 0 0
223 5 0 0 0 0 0 5 0 0
227 54 0 0 42 0 0 0 0 0
fl=/build/glibc-uZu3wS/glibc-2.27/elf/dl-open.c
fn=_dl_find_dso_for_object
176 5 1 1 0 0 0 4 0 0
180 6 1 1 1 0 0 0 0 0
181 13 1 1 4 0 0 0 0 0
182 16 0 0 8 1 0 0 0 0
183 2 0 0 1 0 0 0 0 0
186 2 0 0 1 0 0 0 0 0
190 7 1 1 5 0 0 0 0 0
fl=/build/glibc-uZu3wS/glibc-2.27/elf/dl-reloc.c
fn=_dl_relocate_object
148 84 1 1 0 0 0 56 0 0
155 7 0 0 0 0 0 7 0 0
158 12 0 0 0 0 0 0 0 0
159 21 0 0 0 0 0 14 0 0
163 14 0 0 0 0 0 0 0 0
164 35 1 1 7 1 0 7 0 0
170 21 0 0 14 0 0 0 0 0
176 28 0 0 7 0 0 0 0 0
177 14 0 0 7 6 0 0 0 0
180 15 2 2 0 0 0 0 0 0
187 14 0 0 7 3 0 0 0 0
231 21 0 0 14 0 0 7 0 0
258 334 3 3 143 25 0 78 0 0
261 28 0 0 7 0 0 0 0 0
285 7 0 0 7 0 0 0 0 0
288 14 0 0 7 0 0 0 0 0
305 21 1 1 7 3 0 0 0 0
307 56 0 0 49 3 0 0 0 0
313 42 0 0 21 0 0 0 0 0
316 14 0 0 0 0 0 0 0 0
320 14 0 0 0 0 0 0 0 0
321 35 1 1 0 0 0 7 0 0
fl=/build/glibc-uZu3wS/glibc-2.27/elf/dl-sort-maps.c
fn=_dl_sort_maps
28 9 1 1 0 0 0 7 0 0
30 2 0 0 0 0 0 0 0 0
33 1 0 0 0 0 0 0 0 0
34 10 1 1 0 0 0 3 0 0
35 25 1 1 1 0 0 6 0 0
39 28 0 0 7 0 0 14 0 0
40 21 0 0 14 0 0 0 0 0
42 14 0 0 7 0 0 0 0 0
54 82 1 1 31 0 0 0 0 0
56 51 0 0 34 0 0 0 0 0
57 45 0 0 0 0 0 0 0 0
59 117 1 1 39 0 0 0 0 0
60 87 0 0 0 0 0 0 0 0
65 9 0 0 1 0 0 5 0 0
66 3 0 0 0 0 0 1 0 0
67 1 1 1 0 0 0 1 0 0
69 7 0 0 5 0 0 0 0 0
74 1 0 0 1 0 0 0 0 0
77 6 0 0 2 0 0 0 0 0
84 7 1 1 1 0 0 3 0 0
85 4 0 0 3 0 0 1 0 0
87 2 0 0 1 0 0 0 0 0
90 64 1 1 16 0 0 0 0 0
115 33 1 1 11 0 0 0 0 0
118 50 1 1 10 0 0 5 0 0
122 13 1 1 7 0 0 2 0 0
fl=/build/glibc-uZu3wS/glibc-2.27/elf/dl-tunables.c
fn=__GI___tunables_init
68 340 0 0 68 0 0 0 0 0
71 67 0 0 0 0 0 0 0 0
74 6555 1 1 946 33 33 0 0 0
78 134 0 0 0 0 0 0 0 0
83 134 0 0 0 0 0 0 0 0
150 4 1 1 0 0 0 2 1 1
280 3 0 0 1 0 0 0 0 0
289 8 1 1 0 0 0 6 0 0
297 134 1 1 0 0 0 0 0 0
312 5963 2 2 0 0 0 0 0 0
318 7370 0 0 2948 0 0 0 0 0
330 268 1 1 67 0 0 0 0 0
364 8 0 0 7 0 0 0 0 0
fn=__tunable_get_val
373 248 2 1 25 14 0 0 0 0
377 42 1 1 25 3 0 17 0 0
382 8 0 0 0 0 0 8 0 0
383 8 0 0 0 0 0 0 0 0
399 125 1 0 25 3 0 0 0 0
401 25 0 0 25 0 0 0 0 0
fl=/build/glibc-uZu3wS/glibc-2.27/elf/dl-tunables.h
fn=__GI___tunables_init
120 2602 0 0 1260 8 8 0 0 0
121 2662 0 0 0 0 0 0 0 0
fl=/build/glibc-uZu3wS/glibc-2.27/elf/dl-version.c
fn=_dl_check_all_versions
362 8 2 2 0 0 0 4 0 0
364 1 0 0 0 0 0 0 0 0
366 24 1 1 7 0 0 0 0 0
368 70 0 0 7 0 0 7 0 0
371 7 0 0 5 0 0 0 0 0
fn=_dl_check_map_versions
37 152 1 1 20 0 0 0 0 0
38 41 0 0 41 0 0 0 0 0
39 255 1 1 0 0 0 51 0 0
57 90 0 0 60 0 0 30 0 0
65 90 0 0 30 0 0 0 0 0
71 90 0 0 30 0 0 0 0 0
87 30 0 0 30 1 0 0 0 0
88 60 1 1 0 0 0 0 0 0
90 30 0 0 30 0 0 0 0 0
95 610 0 0 245 14 14 30 0 0
109 490 0 0 245 6 6 0 0 0
111 30 1 1 30 0 0 0 0 0
114 260 0 0 100 0 0 40 0 0
121 645 0 0 215 5 5 0 0 0
125 215 0 0 0 0 0 0 0 0
143 60 0 0 10 0 0 30 0 0
156 49 2 2 0 0 0 42 0 0
157 12 0 0 0 0 0 7 0 0
165 7 1 1 0 0 0 7 0 0
171 21 0 0 7 0 0 0 0 0
173 35 0 0 7 1 0 21 0 0
175 14 0 0 7 0 0 7 0 0
176 14 0 0 7 0 0 7 0 0
178 14 1 1 0 0 0 0 0 0
181 20 0 0 10 1 0 5 0 0
185 15 0 0 5 5 5 0 0 0
199 5 0 0 0 0 0 0 0 0
201 20 0 0 20 0 0 0 0 0
209 30 0 0 10 0 0 0 0 0
214 30 0 0 20 0 0 0 0 0
218 305 1 1 224 1 0 30 0 0
220 30 0 0 30 0 0 0 0 0
222 80 1 1 30 9 9 30 0 0
225 120 1 1 30 0 0 0 0 0
228 90 0 0 30 0 0 0 0 0
233 20 0 0 0 0 0 0 0 0
237 40 1 1 20 0 0 0 0 0
242 15 0 0 0 0 0 5 0 0
251 20 2 2 7 0 0 0 0 0
254 20 0 0 20 0 0 0 0 0
257 286 0 0 69 10 10 5 0 0
260 217 0 0 69 2 2 5 0 0
264 64 0 0 0 0 0 0 0 0
268 18 2 2 6 0 0 0 0 0
273 6 0 0 0 0 0 6 1 0
274 24 1 1 0 0 0 6 0 0
275 12 0 0 0 0 0 0 0 0
285 6 0 0 0 0 0 6 0 0
288 18 0 0 12 2 0 6 0 0
290 18 1 1 6 0 0 0 0 0
293 20 0 0 15 0 0 0 0 0
295 5 0 0 0 0 0 0 0 0
297 30 0 0 10 0 0 0 0 0
300 90 0 0 30 0 0 0 0 0
302 90 1 1 0 0 0 0 0 0
304 150 0 0 30 0 0 30 0 0
305 90 0 0 0 0 0 30 11 11
306 90 0 0 30 0 0 30 0 0
307 90 0 0 30 0 0 30 2 2
310 90 1 1 30 0 0 0 0 0
315 20 0 0 0 0 0 0 0 0
318 30 0 0 10 0 0 0 0 0
323 5 0 0 0 0 0 0 0 0
328 18 0 0 6 0 0 0 0 0
331 20 0 0 15 0 0 0 0 0
335 64 0 0 64 0 0 0 0 0
337 138 0 0 69 0 0 0 0 0
341 64 0 0 64 0 0 0 0 0
342 320 0 0 64 0 0 64 18 18
343 192 0 0 64 0 0 64 0 0
344 64 0 0 0 0 0 64 9 9
347 207 0 0 69 0 0 0 0 0
351 64 0 0 0 0 0 0 0 0
357 63 0 0 56 0 0 0 0 0
fl=/build/glibc-uZu3wS/glibc-2.27/elf/do-rel.h
fn=_dl_relocate_object
47 42 1 1 14 0 0 14 0 0
48 14 0 0 14 0 0 0 0 0
50 23 0 0 0 0 0 6 0 0
51 12 0 0 0 0 0 7 1 0
58 42 0 0 14 0 0 0 0 0
61 688 1 1 0 0 0 0 0 0
63 904 1 1 226 84 84 0 0 0
65 119 1 1 0 0 0 0 0 0
74 10 0 0 0 0 0 0 0 0
75 154 2 2 29 0 0 0 0 0
76 78 0 0 39 0 0 0 0 0
83 18 0 0 9 0 0 9 0 0
84 9 0 0 9 0 0 0 0 0
86 36 1 1 18 0 0 0 0 0
98 27 0 0 0 0 0 0 0 0
108 14 0 0 0 0 0 0 0 0
111 4044 1 1 0 0 0 0 0 0
112 2686 0 0 1343 0 0 0 0 0
118 27 0 0 9 7 0 0 0 0
121 16 1 1 8 4 0 8 1 0
124 460 0 0 156 1 0 0 0 0
127 592 1 1 148 37 34 0 0 0
136 592 0 0 296 51 45 0 0 0
137 592 1 1 148 0 0 148 0 0
138 523 0 0 148 1 0 0 0 0
139 444 0 0 296 0 0 148 0 0
143 30 1 1 12 0 0 0 0 0
160 22 1 1 8 0 0 2 0 0
162 20 0 0 5 1 1 0 0 0
170 30 0 0 5 0 0 5 0 0
171 15 1 1 10 0 0 5 0 0
174 2 1 1 0 0 0 0 0 0
fn=_dl_start
83 1 0 0 1 0 0 0 0 0
84 1 0 0 1 0 0 0 0 0
111 120 0 0 0 0 0 0 0 0
112 78 0 0 39 5 5 0 0 0
116 2 0 0 1 0 0 0 0 0
124 31 0 0 0 0 0 0 0 0
136 27 1 1 9 2 2 0 0 0
137 18 0 0 0 0 0 0 0 0
139 18 0 0 9 0 0 0 0 0
fl=/build/glibc-uZu3wS/glibc-2.27/elf/get-dynamic-info.h
fn=_dl_map_object_from_fd
42 10 0 0 0 0 0 0 0 0
46 5 0 0 0 0 0 0 0 0
48 411 0 0 137 38 38 0 0 0
50 264 0 0 0 0 0 0 0 0
63 133 0 0 0 0 0 0 0 0
64 218 1 1 0 0 0 127 31 31
65 20 1 1 0 0 0 0 0 0
67 5 0 0 0 0 0 0 0 0
68 25 2 2 0 0 0 0 0 0
70 5 0 0 0 0 0 0 0 0
71 25 0 0 0 0 0 0 0 0
72 5 0 0 0 0 0 0 0 0
73 20 0 0 0 0 0 5 0 0
74 132 0 0 0 0 0 0 0 0
81 10 1 1 0 0 0 0 0 0
101 18 0 0 8 0 0 0 0 0
102 20 0 0 10 0 0 0 0 0
103 20 1 1 10 0 0 0 0 0
104 20 0 0 10 0 0 0 0 0
106 20 0 0 10 0 0 0 0 0
111 20 0 0 10 0 0 0 0 0
112 19 1 1 9 1 1 0 0 0
113 20 0 0 10 0 0 0 0 0
119 15 0 0 5 0 0 0 0 0
124 10 0 0 5 0 0 0 0 0
131 10 0 0 5 0 0 0 0 0
132 15 1 1 10 0 0 0 0 0
150 15 0 0 5 1 1 0 0 0
155 6 0 0 3 0 0 3 1 1
157 6 0 0 0 0 0 0 0 0
159 6 0 0 0 0 0 0 0 0
161 6 0 0 0 0 0 0 0 0
164 15 1 1 5 0 0 0 0 0
166 8 0 0 2 0 0 2 0 0
174 4 0 0 2 0 0 0 0 0
179 4 0 0 0 0 0 0 0 0
182 10 0 0 5 0 0 0 0 0
fn=_dl_start
48 57 1 1 19 6 6 0 0 0
50 36 1 1 0 0 0 0 0 0
63 21 0 0 0 0 0 0 0 0
64 29 0 0 0 0 0 17 5 5
65 4 0 0 0 0 0 0 0 0
67 3 0 0 0 0 0 0 0 0
68 5 1 1 0 0 0 0 0 0
70 2 0 0 0 0 0 0 0 0
71 5 1 1 0 0 0 0 0 0
72 1 0 0 0 0 0 0 0 0
73 5 1 1 0 0 0 1 1 1
74 18 0 0 0 0 0 0 0 0
81 2 1 1 0 0 0 0 0 0
101 4 0 0 2 0 0 0 0 0
102 4 0 0 2 0 0 0 0 0
103 4 1 1 2 0 0 0 0 0
104 4 0 0 2 0 0 0 0 0
106 4 0 0 2 0 0 0 0 0
111 4 0 0 2 0 0 0 0 0
112 4 1 1 2 0 0 0 0 0
113 4 0 0 2 0 0 0 0 0
119 3 0 0 1 0 0 0 0 0
124 2 0 0 1 0 0 0 0 0
131 3 0 0 1 0 0 0 0 0
132 3 1 1 2 0 0 0 0 0
140 3 0 0 1 0 0 0 0 0
143 3 0 0 1 1 1 0 0 0
147 2 1 1 1 0 0 0 0 0
148 2 0 0 1 0 0 0 0 0
fn=dl_main
33 1 0 0 1 0 0 0 0 0
42 2 0 0 0 0 0 0 0 0
46 1 0 0 0 0 0 0 0 0
48 84 0 0 28 7 7 0 0 0
50 54 0 0 0 0 0 0 0 0
63 25 1 1 0 0 0 0 0 0
64 42 1 1 0 0 0 26 6 6
65 4 0 0 0 0 0 0 0 0
67 1 0 0 0 0 0 0 0 0
68 5 0 0 0 0 0 0 0 0
70 1 0 0 0 0 0 0 0 0
71 5 1 1 0 0 0 0 0 0
72 1 1 1 0 0 0 0 0 0
73 4 0 0 0 0 0 1 0 0
74 27 0 0 0 0 0 0 0 0
81 3 0 0 1 0 0 0 0 0
101 3 0 0 1 0 0 0 0 0
102 4 0 0 2 0 0 0 0 0
103 4 1 1 2 0 0 0 0 0
104 4 0 0 2 0 0 0 0 0
106 4 0 0 2 0 0 0 0 0
111 4 0 0 2 0 0 0 0 0
112 4 1 1 2 0 0 0 0 0
113 4 0 0 2 0 0 0 0 0
119 3 0 0 1 0 0 0 0 0
124 2 0 0 1 0 0 0 0 0
131 2 0 0 1 0 0 0 0 0
132 3 1 1 2 0 0 0 0 0
150 3 0 0 1 0 0 0 0 0
155 2 0 0 1 0 0 1 1 1
157 2 0 0 0 0 0 0 0 0
159 2 0 0 0 0 0 0 0 0
161 2 0 0 0 0 0 0 0 0
162 1 0 0 0 0 0 1 0 0
164 3 1 1 1 0 0 0 0 0
166 3 0 0 1 0 0 1 0 0
174 2 0 0 1 0 0 0 0 0
179 2 0 0 0 0 0 0 0 0
180 2 0 0 1 0 0 1 0 0
182 2 1 1 1 0 0 0 0 0
fl=/build/glibc-uZu3wS/glibc-2.27/elf/rtld.c
fn=_dl_start
393 2 0 0 0 0 0 1 1 1
394 2 0 0 0 0 0 1 0 0
395 2 0 0 0 0 0 1 0 0
396 2 0 0 0 0 0 1 0 0
397 2 0 0 0 0 0 1 1 1
405 5 1 1 0 0 0 1 0 0
408 1 0 0 0 0 0 1 0 0
414 4 1 0 0 0 0 1 0 0
423 4 0 0 0 0 0 0 0 0
426 2 0 0 1 1 0 1 1 0
430 2 1 0 1 0 0 0 0 0
444 9 1 1 0 0 0 6 1 1
463 5 0 0 0 0 0 1 1 1
486 1 0 0 0 0 0 1 1 1
489 1 0 0 0 0 0 1 1 1
500 2 0 0 0 0 0 0 0 0
505 27 3 3 9 0 0 0 0 0
507 1 1 1 1 1 1 0 0 0
532 9 0 0 7 1 0 0 0 0
fn=dl_main
799 1 0 0 1 1 0 0 0 0
801 1 1 1 0 0 0 1 0 0
810 1 0 0 0 0 0 1 0 0
812 1 0 0 0 0 0 1 0 0
817 1 0 0 0 0 0 1 0 0
870 12 2 2 0 0 0 7 1 1
876 1 1 1 0 0 0 0 0 0
879 1 0 0 0 0 0 0 0 0
885 1 0 0 0 0 0 1 0 0
887 2 0 0 0 0 0 1 1 1
891 2 0 0 0 0 0 1 1 1
892 2 0 0 0 0 0 1 0 0
897 2 1 1 0 0 0 1 0 0
907 3 1 1 1 0 0 0 0 0
1108 8 1 1 0 0 0 1 0 0
1110 2 0 0 0 0 0 0 0 0
1111 1 0 0 0 0 0 1 0 0
1112 2 1 1 1 0 0 1 0 0
1113 2 0 0 1 0 0 1 0 0
1117 3 0 0 0 0 0 1 0 0
1118 2 0 0 1 0 0 0 0 0
1139 1 1 1 0 0 0 1 0 0
1140 1 0 0 0 0 0 1 0 0
1142 1 0 0 0 0 0 1 0 0
1144 1 0 0 1 0 0 0 0 0
1147 33 0 0 1 0 0 0 0 0
1148 71 1 1 9 5 5 0 0 0
1152 3 1 1 1 0 0 1 0 0
1153 1 0 0 0 0 0 0 0 0
1157 3 0 0 2 0 0 1 0 0
1158 1 0 0 0 0 0 0 0 0
1166 2 0 0 0 0 0 1 1 1
1167 2 2 2 2 1 1 0 0 0
1169 1 0 0 0 0 0 1 0 0
1176 2 0 0 1 0 0 0 0 0
1188 1 0 0 0 0 0 0 0 0
1194 2 0 0 0 0 0 0 0 0
1202 4 0 0 2 0 0 0 0 0
1203 10 1 1 3 1 1 0 0 0
1204 4 1 1 2 0 0 0 0 0
1205 1 0 0 0 0 0 1 0 0
1208 4 0 0 2 1 1 0 0 0
1209 4 0 0 2 0 0 0 0 0
1210 2 0 0 0 0 0 2 0 0
1211 6 0 0 3 0 0 0 0 0
1212 2 1 1 0 0 0 1 0 0
1239 2 0 0 1 0 0 1 0 0
1240 1 0 0 0 0 0 0 0 0
1243 2 0 0 1 0 0 1 0 0
1244 2 0 0 1 0 0 1 0 0
1245 1 0 0 0 0 0 0 0 0
1250 3 1 1 1 1 1 0 0 0
1253 2 0 0 1 0 0 0 0 0
1255 2 1 1 1 0 0 0 0 0
1257 3 0 0 1 0 0 0 0 0
1270 3 0 0 1 0 0 0 0 0
1271 6 0 0 1 0 0 2 0 0
1273 3 1 1 3 0 0 0 0 0
1276 2 0 0 1 0 0 1 0 0
1278 1 0 0 0 0 0 1 0 0
1279 1 0 0 0 0 0 1 0 0
1281 2 1 1 1 0 0 0 0 0
1282 2 0 0 0 0 0 1 0 0
1286 2 0 0 1 0 0 0 0 0
1288 2 0 0 0 0 0 0 0 0
1293 2 0 0 0 0 0 1 0 0
1296 2 0 0 1 0 0 0 0 0
1312 5 1 1 0 0 0 2 0 0
1318 10 2 2 1 0 0 2 0 0
1323 2 1 1 1 0 0 1 0 0
1326 4 0 0 1 0 0 2 0 0
1328 1 0 0 0 0 0 1 0 0
1333 2 0 0 1 0 0 0 0 0
1336 3 0 0 2 0 0 1 0 0
1337 4 1 1 1 0 0 1 0 0
1338 2 0 0 1 0 0 1 0 0
1339 1 0 0 0 0 0 1 0 0
1340 1 0 0 1 0 0 0 0 0
1341 1 0 0 1 0 0 0 0 0
1346 2 0 0 1 0 0 0 0 0
1347 5 1 1 1 0 0 1 0 0
1364 2 0 0 1 1 1 0 0 0
1365 2 0 0 1 0 0 0 0 0
1367 3 1 1 1 0 0 0 0 0
1369 1 0 0 0 0 0 1 0 0
1370 3 0 0 1 0 0 1 0 0
1375 4 0 0 0 0 0 0 0 0
1376 5 0 0 1 1 1 0 0 0
1378 2 1 1 1 0 0 1 1 1
1379 2 0 0 1 0 0 1 0 0
1384 2 1 1 1 1 1 0 0 0
1389 1 0 0 0 0 0 1 0 0
1390 4 0 0 2 0 0 0 0 0
1391 2 1 1 0 0 0 0 0 0
1570 2 0 0 0 0 0 2 0 0
1578 3 0 0 1 0 0 0 0 0
1581 2 0 0 1 0 0 1 0 0
1585 3 0 0 1 0 0 0 0 0
1590 2 1 1 1 0 0 1 0 0
1591 1 0 0 0 0 0 1 0 0
1592 1 0 0 0 0 0 0 0 0
1596 2 0 0 1 0 0 0 0 0
1611 3 0 0 2 0 0 0 0 0
1612 1 0 0 0 0 0 0 0 0
1613 1 0 0 0 0 0 0 0 0
1615 3 0 0 1 0 0 0 0 0
1617 5 1 1 0 0 0 0 0 0
1618 3 0 0 0 0 0 1 0 0
1619 4 0 0 0 0 0 0 0 0
1621 2 0 0 1 0 0 0 0 0
1631 5 1 1 0 0 0 1 0 0
1708 4 0 0 2 0 0 0 0 0
1712 8 2 2 0 0 0 0 0 0
1713 1 0 0 0 0 0 0 0 0
1716 3 0 0 0 0 0 1 0 0
1717 1 0 0 1 0 0 0 0 0
1718 2 0 0 0 0 0 0 0 0
1719 2 0 0 0 0 0 0 0 0
1725 5 0 0 0 0 0 0 0 0
1726 8 1 1 1 0 0 1 0 0
1727 4 0 0 0 0 0 0 0 0
1729 2 0 0 1 0 0 0 0 0
1732 17 0 0 1 0 0 0 0 0
1733 25 1 1 15 0 0 0 0 0
1736 3 0 0 2 0 0 1 0 0
1737 3 0 0 1 0 0 0 0 0
1738 1 0 0 0 0 0 1 0 0
1740 24 0 0 0 0 0 0 0 0
1741 20 1 1 13 1 0 0 0 0
1751 2 1 1 0 0 0 1 0 0
1753 3 1 1 1 0 0 1 0 0
1754 2 0 0 1 0 0 0 0 0
1756 2 1 1 0 0 0 1 0 0
1758 3 0 0 0 0 0 0 0 0
1760 3 0 0 1 0 0 0 0 0
1774 4 0 0 3 0 0 0 0 0
1775 2 0 0 1 0 0 1 0 0
1776 3 0 0 1 0 0 0 0 0
1787 4 1 1 1 0 0 1 0 0
1788 1 0 0 0 0 0 1 1 0
1789 6 1 1 0 0 0 2 0 0
1799 2 0 0 1 0 0 1 0 0
1800 2 0 0 1 0 0 0 0 0
1801 2 0 0 0 0 0 2 0 0
1803 2 0 0 1 0 0 0 0 0
1808 2 0 0 1 0 0 0 0 0
2038 3 0 0 1 1 1 0 0 0
2094 2 1 1 0 0 0 1 0 0
2098 2 0 0 1 0 0 1 0 0
2104 2 1 1 1 0 0 1 0 0
2107 2 0 0 1 0 0 0 0 0
2161 3 1 1 1 0 0 0 0 0
2168 1 0 0 1 0 0 0 0 0
2170 5 0 0 0 0 0 0 0 0
2171 1 1 1 1 0 0 0 0 0
2172 30 0 0 0 0 0 0 0 0
2174 14 0 0 14 1 0 0 0 0
2179 14 0 0 14 0 0 0 0 0
2181 16 0 0 0 0 0 0 0 0
2183 1 1 1 0 0 0 1 0 0
2184 1 0 0 1 0 0 0 0 0
2187 7 0 0 7 0 0 0 0 0
2189 14 1 1 7 1 0 0 0 0
2190 48 0 0 12 6 0 6 0 0
2194 18 0 0 9 1 0 0 0 0
2195 6 1 1 0 0 0 2 0 0
2197 4 2 2 0 0 0 0 0 0
2199 3 0 0 0 0 0 1 1 0
2205 2 0 0 1 0 0 0 0 0
2210 4 1 1 2 1 0 0 0 0
2212 1 0 0 1 0 0 0 0 0
2219 3 0 0 1 0 0 1 0 0
2222 2 0 0 1 0 0 0 0 0
2231 3 0 0 2 1 0 0 0 0
2233 4 1 1 1 0 0 0 0 0
2248 5 0 0 0 0 0 0 0 0
2250 1 0 0 1 0 0 0 0 0
2251 5 0 0 1 0 0 1 0 0
2252 4 1 1 0 0 0 0 0 0
2254 2 0 0 1 0 0 0 0 0
2262 1 0 0 0 0 0 1 0 0
2266 2 0 0 1 0 0 0 0 0
2286 4 0 0 0 0 0 1 0 0
2287 1 0 0 0 0 0 1 0 0
2288 1 0 0 0 0 0 1 0 0
2289 1 0 0 0 0 0 0 0 0
2293 1 0 0 0 0 0 1 0 0
2298 8 1 1 7 1 0 0 0 0
2464 2 0 0 1 0 0 1 1 1
2466 1 0 0 0 0 0 1 0 0
2467 1 0 0 0 0 0 0 0 0
2471 8 1 1 1 0 0 2 0 0
2473 15 0 0 3 0 0 3 1 1
2475 2 0 0 0 0 0 0 0 0
2477 105 1 1 21 0 0 0 0 0
2478 19 0 0 0 0 0 0 0 0
2480 4 0 0 0 0 0 0 0 0
2486 14 0 0 2 1 1 0 0 0
2507 2 1 1 1 0 0 0 0 0
2514 6 0 0 0 0 0 1 0 0
2516 3 0 0 0 0 0 1 0 0
2562 3 1 1 1 0 0 0 0 0
2563 6 1 1 0 0 0 1 0 0
2565 3 1 1 0 0 0 1 1 1
2635 3 1 1 1 0 0 0 0 0
2667 3 0 0 1 0 0 0 0 0
fn=handle_ld_preload
121 3 0 0 1 0 0 0 0 0
752 1 0 0 0 0 0 1 0 0
756 1 0 0 0 0 0 1 0 0
757 1 0 0 0 0 0 1 0 0
758 1 0 0 0 0 0 1 0 0
760 1 0 0 1 0 0 0 0 0
762 11 1 1 2 0 0 3 1 1
763 3 0 0 1 0 0 0 0 0
771 4 0 0 1 0 0 0 0 0
837 9 1 1 0 0 0 6 0 0
838 1 0 0 0 0 0 0 0 0
842 4 0 0 2 0 0 0 0 0
845 4 0 0 0 0 0 1 1 1
846 3 1 1 0 0 0 0 0 0
848 5 2 2 0 0 0 1 0 0
849 2 1 1 0 0 0 1 0 0
855 1 0 0 0 0 0 0 0 0
857 2 0 0 1 0 0 0 0 0
859 2 0 0 1 0 0 0 0 0
863 9 0 0 7 0 0 0 0 0
fn=init_tls
681 1 0 0 0 0 0 1 0 0
683 2 0 0 1 0 0 1 0 0
687 2 0 0 1 0 0 0 0 0
693 2 0 0 0 0 0 1 0 0
696 1 0 0 0 0 0 1 0 0
697 4 0 0 0 0 0 1 0 0
702 1 0 0 0 0 0 0 0 0
704 1 0 0 0 0 0 1 0 0
708 2 1 1 1 1 1 0 0 0
709 1 0 0 0 0 0 0 0 0
710 25 1 1 1 0 0 0 0 0
711 14 0 0 7 0 0 0 0 0
712 14 0 0 7 4 0 0 0 0
716 4 0 0 0 0 0 2 0 0
718 2 0 0 0 0 0 0 0 0
720 2 0 0 0 0 0 0 0 0
723 1 1 1 0 0 0 1 0 0
730 2 0 0 0 0 0 1 0 0
731 2 0 0 0 0 0 0 0 0
737 2 1 1 1 0 0 1 0 0
740 7 0 0 0 0 0 2 0 0
743 1 1 1 0 0 0 1 0 0
745 1 0 0 0 0 0 0 0 0
746 3 0 0 2 0 0 0 0 0
fn=map_doit
588 2 1 1 0 0 0 1 0 0
590 4 0 0 1 0 0 0 0 0
591 6 1 1 2 0 0 2 0 0
593 2 0 0 2 0 0 0 0 0
fn=rtld_lock_default_lock_recursive
784 6 1 1 6 1 1 0 0 0
785 6 0 0 6 0 0 0 0 0
fn=rtld_lock_default_unlock_recursive
790 6 0 0 6 0 0 0 0 0
791 6 0 0 6 0 0 0 0 0
fn=version_check_doit
621 2 1 1 0 0 0 1 0 0
623 6 0 0 2 0 0 1 0 0
627 2 1 0 2 0 0 0 0 0
fl=/build/glibc-uZu3wS/glibc-2.27/elf/setup-vdso.h
fn=dl_main
24 2 0 0 1 0 0 0 0 0
fl=/build/glibc-uZu3wS/glibc-2.27/io/../sysdeps/unix/sysv/linux/access.c
fn=access
27 7 1 1 0 0 0 1 0 0
31 1 0 0 1 0 0 0 0 0
fl=/build/glibc-uZu3wS/glibc-2.27/io/../sysdeps/unix/sysv/linux/close.c
fn=__close_nocancel
37 4 1 1 0 0 0 0 0 0
38 1 1 1 1 0 0 0 0 0
fn=close
27 24 1 1 0 0 0 0 0 0
28 6 0 0 6 0 0 0 0 0
fl=/build/glibc-uZu3wS/glibc-2.27/io/../sysdeps/unix/sysv/linux/open64.c
fn=__open_nocancel
58 5 1 1 1 0 0 2 0 0
61 7 1 1 0 0 0 0 0 0
69 7 0 0 0 0 0 0 0 0
71 5 0 0 3 0 0 0 0 0
fn=open
36 17 0 0 0 0 0 17 2 2
39 102 0 0 0 0 0 0 0 0
47 152 2 2 0 0 0 11 0 0
49 17 0 0 17 0 0 0 0 0
fl=/build/glibc-uZu3wS/glibc-2.27/io/../sysdeps/unix/sysv/linux/read.c
fn=read
27 20 1 1 0 0 0 0 0 0
28 5 0 0 5 0 0 0 0 0
fl=/build/glibc-uZu3wS/glibc-2.27/io/../sysdeps/unix/sysv/linux/wordsize-64/fxstat.c
fn=_fxstat
33 7 0 0 0 0 0 0 0 0
34 14 2 2 0 0 0 0 0 0
35 42 0 0 0 0 0 0 0 0
39 7 0 0 7 0 0 0 0 0
fl=/build/glibc-uZu3wS/glibc-2.27/io/../sysdeps/unix/sysv/linux/wordsize-64/lxstat.c
fn=open
39 17 1 1 0 0 0 0 0 0
fl=/build/glibc-uZu3wS/glibc-2.27/io/../sysdeps/unix/sysv/linux/wordsize-64/xstat.c
fn=_xstat
33 8 0 0 0 0 0 0 0 0
34 16 1 1 0 0 0 0 0 0
35 76 0 0 7 0 0 7 0 0
39 1 0 0 1 0 0 0 0 0
fl=/build/glibc-uZu3wS/glibc-2.27/libio/vtables.c
fn=check_stdfiles_vtables
84 4 1 1 2 1 0 0 0 0
85 3 1 1 2 1 0 0 0 0
86 3 0 0 2 1 0 0 0 0
88 1 0 0 1 0 0 0 0 0
fl=/build/glibc-uZu3wS/glibc-2.27/malloc/arena.c
fn=malloc_hook_ini
291 3 1 1 1 1 1 0 0 0
fn=ptmalloc_init.part.0
289 5 1 1 1 0 0 2 0 0
294 1 0 0 0 0 0 1 0 0
302 2 0 0 1 0 0 0 0 0
303 7 2 2 0 0 0 1 0 0
304 4 0 0 2 1 0 0 0 0
308 13 2 2 6 2 1 2 1 0
313 7 1 1 1 0 0 2 0 0
314 4 1 1 0 0 0 1 0 0
315 4 0 0 0 0 0 1 0 0
316 4 0 0 0 0 0 1 0 0
317 4 0 0 0 0 0 1 0 0
318 4 1 1 0 0 0 1 0 0
319 4 0 0 0 0 0 1 0 0
320 4 0 0 0 0 0 1 0 0
322 4 1 1 0 0 0 1 0 0
323 4 0 0 0 0 0 1 0 0
324 4 0 0 0 0 0 1 0 0
395 2 0 0 2 2 1 0 0 0
396 2 0 0 0 0 0 0 0 0
399 1 0 0 0 0 0 1 1 0
400 6 0 0 4 0 0 0 0 0
fn=sysmalloc
535 2 0 0 0 0 0 0 0 0
fl=/build/glibc-uZu3wS/glibc-2.27/malloc/hooks.c
fn=malloc_hook_ini
29 5 1 1 0 0 0 2 0 0
30 2 0 0 1 0 0 1 0 0
33 7 2 2 4 1 0 1 0 0
fl=/build/glibc-uZu3wS/glibc-2.27/malloc/malloc.c
fn=_int_malloc
1887 18 1 1 6 1 1 0 0 0
3531 42 2 2 0 0 0 36 0 0
3563 59 0 0 0 0 0 0 0 0
3567 36 1 1 0 0 0 6 0 0
3591 12 0 0 6 0 0 0 0 0
3593 3 0 0 0 0 0 0 0 0
3596 1 0 0 1 0 0 0 0 0
3598 2 0 0 0 0 0 0 0 0
3649 14 1 1 0 0 0 0 0 0
3651 26 1 1 0 0 0 10 0 0
3652 8 1 1 0 0 0 0 0 0
3654 6 0 0 2 0 0 0 0 0
3711 161 2 2 0 0 0 51 0 0
3712 12 0 0 4 0 0 0 0 0
3713 40 2 2 0 0 0 10 0 0
3730 28 1 1 5 0 0 6 0 0
3731 18 1 1 0 0 0 0 0 0
3732 24 1 1 12 0 0 0 0 0
3736 18 0 0 0 0 0 12 0 0
3741 6 0 0 0 0 0 0 0 0
3742 18 0 0 0 0 0 0 0 0
3762 24 0 0 0 0 0 12 0 0
3802 18 1 1 12 1 0 6 0 0
3889 6 0 0 6 0 0 0 0 0
3903 12 1 1 0 0 0 0 0 0
3914 12 1 1 0 0 0 0 0 0
3916 20 0 0 4 0 0 0 0 0
3919 12 0 0 4 0 0 0 0 0
3987 12 0 0 6 0 0 0 0 0
3988 12 0 0 0 0 0 0 0 0
3989 12 1 1 0 0 0 0 0 0
3990 12 0 0 6 0 0 0 0 0
3991 12 0 0 0 0 0 0 0 0
3996 12 0 0 0 0 0 0 0 0
4000 28 2 2 0 0 0 0 0 0
4003 19 0 0 5 0 0 0 0 0
4100 6 1 1 6 0 0 0 0 0
4101 12 0 0 6 0 0 0 0 0
4103 22 0 0 0 0 0 4 0 0
4105 4 1 1 0 0 0 0 0 0
4106 2 0 0 0 0 0 0 0 0
4107 2 0 0 0 0 0 2 0 0
4108 18 1 1 0 0 0 2 0 0
4110 6 0 0 0 0 0 2 1 1
4113 2 0 0 0 0 0 0 0 0
4120 12 0 0 4 0 0 0 0 0
4135 16 1 1 0 0 0 4 0 0
4136 8 0 0 0 0 0 0 0 0
4141 55 1 1 42 0 0 0 0 0
fn=free
1894 3 0 0 1 0 0 0 0 0
3096 11 1 1 1 0 0 7 0 0
3101 2 0 0 2 0 0 0 0 0
3102 2 1 1 0 0 0 0 0 0
3108 2 0 0 0 0 0 0 0 0
3111 1 0 0 0 0 0 0 0 0
3113 3 0 0 1 0 0 0 0 0
3131 3 0 0 2 0 0 0 0 0
3133 3 1 1 0 0 0 0 0 0
3135 11 2 2 9 0 0 0 0 0
4159 2 0 0 0 0 0 0 0 0
4165 4 0 0 0 0 0 0 0 0
4166 2 0 0 0 0 0 0 0 0
4170 4 0 0 0 0 0 0 0 0
4177 2 1 1 0 0 0 0 0 0
4178 5 0 0 2 0 0 0 0 0
4214 2 0 0 1 0 0 0 0 0
4289 2 1 1 1 0 0 0 0 0
4292 4 0 0 1 0 0 0 0 0
4293 1 0 0 0 0 0 0 0 0
4298 1 0 0 0 0 0 0 0 0
4302 3 0 0 1 0 0 0 0 0
4305 4 0 0 1 0 0 0 0 0
4307 3 1 1 1 0 0 0 0 0
4310 3 1 1 1 0 0 0 0 0
4313 2 0 0 0 0 0 0 0 0
4314 2 0 0 0 0 0 0 0 0
4315 2 0 0 1 0 0 0 0 0
4321 2 0 0 1 0 0 0 0 0
4328 2 1 1 1 0 0 0 0 0
4371 1 1 1 0 0 0 0 0 0
4372 3 0 0 0 0 0 1 0 0
4373 2 0 0 0 0 0 1 0 0
4390 2 1 1 0 0 0 0 0 0
4391 3 1 1 1 0 0 0 0 0
4394 3 0 0 0 0 0 0 0 0
4396 5 1 1 3 0 0 0 0 0
4398 3 1 1 1 0 0 1 1 0
4410 2 0 0 0 0 0 0 0 0
fn=malloc
3038 15 1 1 0 0 0 10 0 0
3043 10 0 0 10 1 0 0 0 0
3044 10 0 0 0 0 0 0 0 0
3045 2 1 1 1 0 0 0 0 0
3049 42 2 2 0 0 0 0 0 0
3050 12 0 0 0 0 0 0 0 0
3052 16 0 0 8 0 0 0 0 0
3055 8 1 1 4 0 0 0 0 0
3057 1 1 1 0 0 0 0 0 0
3058 3 0 0 1 0 0 0 0 0
3065 16 0 0 4 0 0 0 0 0
3067 16 0 0 0 0 0 4 0 0
3068 22 1 1 4 0 0 0 0 0
3091 23 1 1 14 0 0 0 0 0
fn=malloc_hook_ini
2993 5 0 0 2 1 0 2 1 0
3044 2 0 0 0 0 0 0 0 0
3049 11 3 3 0 0 0 0 0 0
3050 2 0 0 0 0 0 0 0 0
3052 4 0 0 2 1 0 0 0 0
3055 3 0 0 2 0 0 0 0 0
3065 4 1 1 1 0 0 0 0 0
3067 4 0 0 0 0 0 1 0 0
3068 7 0 0 1 0 0 0 0 0
fn=ptmalloc_init.part.0
1816 498 1 1 0 0 0 0 0 0
1817 384 2 2 2 0 0 129 33 32
1825 1 0 0 0 0 0 1 1 1
1826 1 0 0 0 0 0 1 1 1
1828 2 0 0 0 0 0 1 0 0
fn=sysmalloc
2274 32 1 1 0 0 0 24 0 0
2294 8 0 0 8 0 0 0 0 0
2305 8 0 0 0 0 0 0 0 0
2306 13 0 0 4 1 1 0 0 0
2307 9 1 1 6 0 0 0 0 0
2321 16 1 1 0 0 0 1 0 0
2327 6 0 0 0 0 0 0 0 0
2329 21 1 1 0 0 0 3 0 0
2331 6 0 0 0 0 0 0 0 0
2346 9 1 1 0 0 0 0 0 0
2361 3 0 0 0 0 0 3 3 3
2362 9 1 1 0 0 0 3 0 0
2367 9 0 0 6 0 0 0 0 0
2368 15 0 0 6 0 0 0 0 0
2371 9 0 0 6 0 0 0 0 0
2372 15 0 0 6 0 0 0 0 0
2387 1 0 0 1 0 0 0 0 0
2388 3 0 0 1 0 0 0 0 0
2389 1 0 0 0 0 0 0 0 0
2398 4 0 0 0 0 0 0 0 0
2404 4 2 2 0 0 0 1 0 0
2407 3 0 0 0 0 0 0 0 0
2460 3 1 1 1 0 0 0 0 0
2468 2 0 0 1 0 0 0 0 0
2469 1 1 1 0 0 0 0 0 0
2479 6 0 0 0 0 0 2 0 0
2487 2 0 0 0 0 0 0 0 0
2489 5 1 1 2 2 0 2 0 0
2490 1 0 0 0 0 0 0 0 0
2493 3 0 0 1 0 0 0 0 0
2496 4 0 0 2 1 0 0 0 0
2497 2 0 0 0 0 0 0 0 0
2541 3 2 2 0 0 0 0 0 0
2543 2 1 1 1 0 0 0 0 0
2544 2 1 1 0 0 0 1 0 0
2545 3 0 0 1 0 0 1 0 0
2551 2 0 0 0 0 0 0 0 0
2554 4 1 1 1 0 0 0 0 0
2588 2 0 0 0 0 0 0 0 0
2594 3 1 1 0 0 0 0 0 0
2616 2 0 0 0 0 0 0 0 0
2617 6 1 1 1 0 0 0 0 0
2619 2 0 0 0 0 0 0 0 0
2620 4 0 0 2 0 0 2 0 0
2632 3 0 0 1 0 0 0 0 0
2640 2 1 1 2 0 0 0 0 0
2641 4 1 1 1 0 0 0 0 0
2679 1 0 0 0 0 0 1 0 0
2680 4 1 1 0 0 0 1 1 1
2681 2 0 0 0 0 0 1 0 0
2692 2 0 0 0 0 0 0 0 0
2724 2 1 1 1 0 0 0 0 0
2725 1 0 0 0 0 0 1 0 0
2730 2 0 0 1 0 0 0 0 0
2733 2 0 0 1 0 0 0 0 0
2735 1 0 0 0 0 0 0 0 0
2736 1 0 0 0 0 0 0 0 0
2737 1 0 0 0 0 0 1 0 0
2738 8 1 1 0 0 0 1 0 0
2739 2 0 0 0 0 0 1 1 1
2741 2 0 0 0 0 0 0 0 0
2747 36 1 1 28 0 0 0 0 0
fn=systrim.isra.1.constprop.11
2760 5 1 1 0 0 0 4 0 0
2770 1 0 0 1 0 0 0 0 0
2771 3 0 0 2 0 0 0 0 0
2773 1 0 0 0 0 0 0 0 0
2774 2 0 0 0 0 0 0 0 0
2775 1 0 0 0 0 0 0 0 0
2778 3 0 0 1 0 0 0 0 0
2780 3 0 0 0 0 0 0 0 0
2824 6 1 1 5 0 0 0 0 0
fn=tcache_init.part.4
2987 1 0 0 0 0 0 1 0 0
2996 10 2 2 4 1 0 0 0 0
2997 4 0 0 0 0 0 1 0 0
2998 2 0 0 0 0 0 0 0 0
3006 4 1 1 2 0 0 0 0 0
3013 2 0 0 0 0 0 0 0 0
3015 2 0 0 1 0 0 1 0 0
3016 80 1 1 0 0 0 73 8 8
3019 2 0 0 2 0 0 0 0 0
fl=/build/glibc-uZu3wS/glibc-2.27/malloc/morecore.c
fn=__default_morecore
46 2 1 1 0 0 0 0 0 0
47 2 0 0 0 0 0 2 0 0
49 6 1 1 0 0 0 0 0 0
52 4 0 0 2 0 0 0 0 0
fl=/build/glibc-uZu3wS/glibc-2.27/misc/../sysdeps/unix/syscall-template.S
fn=mprotect
78 48 0 0 0 0 0 0 0 0
79 12 0 0 12 0 0 0 0 0
fn=munmap
78 4 1 1 0 0 0 0 0 0
79 1 0 0 1 0 0 0 0 0
fl=/build/glibc-uZu3wS/glibc-2.27/misc/../sysdeps/unix/sysv/linux/getpagesize.c
fn=getpagesize
28 4 1 1 2 0 0 0 0 0
30 1 0 0 1 0 0 0 0 0
fl=/build/glibc-uZu3wS/glibc-2.27/misc/../sysdeps/unix/sysv/linux/getsysstats.c
fn=get_nprocs_conf
237 9 1 1 1 0 0 6 0 0
242 3 0 0 0 0 0 1 0 0
243 3 0 0 0 0 0 0 0 0
245 1 1 1 0 0 0 0 0 0
248 76 1 1 0 0 0 19 0 0
250 129 0 0 54 1 0 0 0 0
253 21 0 0 0 0 0 4 0 0
254 20 1 1 4 0 0 0 0 0
255 4 0 0 2 0 0 0 0 0
258 2 0 0 0 0 0 1 0 0
282 11 1 1 8 0 0 0 0 0
fl=/build/glibc-uZu3wS/glibc-2.27/misc/../sysdeps/unix/sysv/linux/mmap64.c
fn=mmap
48 216 1 1 0 0 0 108 3 3
51 36 2 2 0 0 0 0 0 0
54 68 2 2 5 0 0 0 0 0
59 180 1 1 0 0 0 0 0 0
61 126 0 0 126 0 0 0 0 0
fl=/build/glibc-uZu3wS/glibc-2.27/misc/../sysdeps/unix/sysv/linux/x86_64/brk.c
fn=brk
31 16 2 2 2 0 0 2 0 0
33 4 0 0 0 0 0 0 0 0
39 2 0 0 0 0 0 0 0 0
40 2 0 0 2 0 0 0 0 0
fl=/build/glibc-uZu3wS/glibc-2.27/misc/init-misc.c
fn=__init_misc
30 3 0 0 0 0 0 2 0 0
31 6 1 1 1 0 0 0 0 0
33 3 0 0 0 0 0 1 0 0
37 5 0 0 1 1 0 1 1 0
38 3 1 1 2 0 0 1 0 0
40 4 0 0 3 0 0 0 0 0
fl=/build/glibc-uZu3wS/glibc-2.27/misc/sbrk.c
fn=sbrk
32 8 1 1 0 0 0 6 0 0
40 11 0 0 5 3 0 0 0 0
41 5 1 1 1 0 0 1 0 0
44 4 0 0 0 0 0 0 0 0
48 6 0 0 0 0 0 0 0 0
56 4 1 1 0 0 0 1 0 0
60 10 0 0 8 0 0 0 0 0
fl=/build/glibc-uZu3wS/glibc-2.27/nptl/../include/list.h
fn=__pthread_initialize_minimal
44 1 1 1 0 0 0 1 0 0
45 1 0 0 0 0 0 1 0 0
46 1 0 0 0 0 0 1 0 0
48 1 0 0 0 0 0 1 0 0
fl=/build/glibc-uZu3wS/glibc-2.27/nptl/../nptl/pthread_mutex_lock.c
fn=pthread_mutex_lock
64 1 0 0 0 0 0 0 0 0
67 3 1 1 1 0 0 0 0 0
69 1 0 0 0 0 0 0 0 0
71 2 0 0 0 0 0 0 0 0
75 3 0 0 0 0 0 0 0 0
84 2 1 1 0 0 0 0 0 0
95 4 0 0 1 0 0 0 0 0
99 1 0 0 1 0 0 0 0 0
102 2 0 0 1 0 0 0 0 0
115 4 1 1 2 0 0 0 0 0
117 3 1 1 1 0 0 0 0 0
118 2 0 0 0 0 0 1 0 0
156 1 1 1 1 0 0 0 0 0
159 1 1 1 0 0 0 1 0 0
161 1 0 0 1 0 0 0 0 0
164 1 0 0 0 0 0 0 0 0
166 1 0 0 0 0 0 0 0 0
167 2 0 0 1 0 0 0 0 0
fl=/build/glibc-uZu3wS/glibc-2.27/nptl/../sysdeps/unix/sysv/linux/pthread-pids.h
fn=__pthread_initialize_minimal
29 4 0 0 0 0 0 1 1 0
fl=/build/glibc-uZu3wS/glibc-2.27/nptl/../sysdeps/unix/sysv/linux/pthread_getaffinity.c
fn=pthread_getaffinity_np@@GLIBC_2.3.4
31 3 1 1 0 0 0 0 0 0
35 6 0 0 1 0 0 0 0 0
37 2 0 0 0 0 0 0 0 0
41 6 1 1 0 0 0 1 0 0
43 1 0 0 0 0 0 0 0 0
44 2 0 0 1 0 0 0 0 0
fl=/build/glibc-uZu3wS/glibc-2.27/nptl/../sysdeps/unix/sysv/linux/x86/elision-conf.c
fn=elision_init
107 5 1 1 1 0 0 2 0 0
112 5 0 0 0 0 0 1 0 0
114 4 1 1 0 0 0 1 0 0
116 4 0 0 0 0 0 1 0 0
118 4 0 0 0 0 0 1 0 0
120 4 1 1 0 0 0 1 0 0
124 3 0 0 1 0 0 0 0 0
125 1 0 0 0 0 0 1 1 0
126 6 0 0 4 0 0 0 0 0
fl=/build/glibc-uZu3wS/glibc-2.27/nptl/../sysdeps/unix/sysv/linux/x86_64/sigaction.c
fn=__libc_sigaction
47 10 1 1 2 0 0 2 1 0
51 4 0 0 0 0 0 0 0 0
53 4 1 1 2 0 0 2 0 0
54 34 1 1 16 0 0 16 3 2
55 8 0 0 2 0 0 2 0 0
57 4 0 0 0 0 0 2 0 0
62 24 2 2 0 0 0 0 0 0
65 4 0 0 0 0 0 0 0 0
73 10 1 1 6 0 0 0 0 0
fl=/build/glibc-uZu3wS/glibc-2.27/nptl/forward.c
fn=pthread_attr_init@@GLIBC_2.2.5
66 7 2 2 3 1 0 0 0 0
fn=pthread_attr_setdetachstate
72 7 1 1 3 1 0 0 0 0
fl=/build/glibc-uZu3wS/glibc-2.27/nptl/libc_pthread_init.c
fn=__libc_pthread_init
43 2 1 1 0 0 0 1 0 0
45 1 0 0 0 0 0 1 1 1
48 6 0 0 0 0 0 1 0 0
67 161 1 1 0 0 0 0 0 0
70 159 0 0 106 7 0 0 0 0
71 53 0 0 0 0 0 53 7 7
73 1 0 0 0 0 0 1 0 0
79 3 0 0 2 0 0 0 0 0
fl=/build/glibc-uZu3wS/glibc-2.27/nptl/nptl-init.c
fn=__pthread_initialize_minimal
285 7 1 1 1 0 0 4 0 0
287 1 0 0 1 0 0 0 0 0
289 2 1 1 0 0 0 1 1 0
290 1 0 0 0 0 0 1 1 0
294 3 0 0 2 0 0 1 0 0
300 2 0 0 0 0 0 1 0 0
302 1 0 0 0 0 0 1 0 0
304 1 0 0 0 0 0 1 0 0
308 3 1 1 0 0 0 0 0 0
356 3 0 0 2 2 0 1 1 0
359 2 0 0 0 0 0 1 1 1
360 1 0 0 0 0 0 0 0 0
364 6 0 0 1 1 0 1 0 0
374 2 0 0 0 0 0 1 0 0
375 19 1 1 0 0 0 17 1 0
376 4 0 0 0 0 0 1 0 0
381 2 0 0 0 0 0 1 0 0
382 1 1 1 0 0 0 1 0 0
383 4 0 0 0 0 0 1 0 0
393 2 0 0 1 0 0 0 0 0
397 6 0 0 0 0 0 0 0 0
405 3 1 1 0 0 0 1 0 0
408 4 0 0 1 0 0 0 0 0
410 1 0 0 0 0 0 1 0 0
412 6 1 1 1 0 0 1 0 0
417 5 0 0 0 0 0 1 0 0
418 3 0 0 1 0 0 0 0 0
422 1 0 0 0 0 0 0 0 0
425 3 0 0 0 0 0 0 0 0
429 2 1 1 2 0 0 0 0 0
430 3 0 0 1 0 0 0 0 0
435 7 0 0 0 0 0 1 0 0
436 4 1 1 1 0 0 0 0 0
437 2 0 0 1 0 0 1 1 1
438 1 0 0 0 0 0 1 1 1
439 2 1 1 2 0 0 0 0 0
444 2 0 0 0 0 0 1 1 0
445 2 0 0 0 0 0 1 0 0
446 1 0 0 1 1 0 0 0 0
447 1 1 1 0 0 0 1 0 0
448 3 0 0 0 0 0 0 0 0
451 2 0 0 0 0 0 1 0 0
454 2 0 0 0 0 0 1 0 0
456 2 0 0 0 0 0 1 0 0
460 1 0 0 0 0 0 1 0 0
462 4 1 1 0 0 0 1 0 0
466 1 0 0 0 0 0 1 0 0
467 8 1 1 6 0 0 0 0 0
fl=/build/glibc-uZu3wS/glibc-2.27/nptl/pthread_attr_init.c
fn=pthread_attr_init@@GLIBC_2.2.5
33 2 0 0 0 0 0 1 0 0
42 5 1 1 0 0 0 4 1 0
47 3 1 1 0 0 0 2 0 0
50 3 0 0 2 0 0 0 0 0
fl=/build/glibc-uZu3wS/glibc-2.27/nptl/pthread_attr_setdetachstate.c
fn=pthread_attr_setdetachstate
31 2 1 1 0 0 0 0 0 0
37 1 0 0 1 0 0 0 0 0
41 2 0 0 1 0 0 0 0 0
fl=/build/glibc-uZu3wS/glibc-2.27/nptl/pthread_key_create.c
fn=pthread_key_create
26 2 1 1 0 0 0 0 0 0
28 10 0 0 0 0 0 0 0 0
30 3 1 1 3 1 0 0 0 0
32 10 0 0 0 0 0 0 0 0
34 6 0 0 2 0 0 0 0 0
38 6 0 0 0 0 0 2 0 0
41 2 0 0 0 0 0 2 0 0
44 4 0 0 2 0 0 0 0 0
fl=/build/glibc-uZu3wS/glibc-2.27/nptl/pthread_mutex_unlock.c
fn=pthread_mutex_unlock
40 3 1 1 1 1 0 0 0 0
41 2 0 0 0 0 0 0 0 0
45 3 0 0 0 0 0 0 0 0
50 1 0 0 0 0 0 1 0 0
53 1 0 0 1 0 0 0 0 0
56 4 0 0 3 0 0 0 0 0
58 1 0 0 0 0 0 0 0 0
62 2 1 1 0 0 0 0 0 0
68 4 1 1 1 0 0 0 0 0
72 3 0 0 2 1 0 0 0 0
75 2 0 0 1 0 0 0 0 0
355 1 0 0 0 0 0 0 0 0
357 2 0 0 1 0 0 0 0 0
fl=/build/glibc-uZu3wS/glibc-2.27/nptl/pthread_self.c
fn=pthread_self
25 1 1 1 1 0 0 0 0 0
26 1 0 0 1 0 0 0 0 0
fl=/build/glibc-uZu3wS/glibc-2.27/nptl/register-atfork.c
fn=__register_atfork
46 2 1 1 0 0 0 0 0 0
53 2 0 0 0 0 0 0 0 0
54 6 1 1 1 1 1 0 0 0
73 1 0 0 0 0 0 0 0 0
74 4 0 0 0 0 0 1 0 0
85 7 1 1 0 0 0 3 0 0
87 6 0 0 2 1 1 0 0 0
94 1 0 0 0 0 0 1 0 0
95 1 0 0 0 0 0 1 0 0
96 1 0 0 0 0 0 1 0 0
97 1 0 0 0 0 0 1 0 0
103 4 0 0 2 0 0 0 0 0
105 3 1 1 0 0 0 0 0 0
106 5 0 0 4 0 0 0 0 0
115 2 0 0 1 0 0 1 0 0
116 6 1 1 2 0 0 0 0 0
fl=/build/glibc-uZu3wS/glibc-2.27/posix/../posix/sched_cpucount.c
fn=popcount_cpucount
24 1 0 0 0 0 0 0 0 0
26 2 1 1 0 0 0 0 0 0
28 6 1 1 1 0 0 0 0 0
30 1 0 0 0 0 0 0 0 0
33 3 0 0 1 0 0 0 0 0
fl=/build/glibc-uZu3wS/glibc-2.27/posix/../sysdeps/posix/sysconf.c
fn=sysconf
54 6 1 1 1 1 1 0 0 0
628 3 1 1 0 0 0 1 0 0
fl=/build/glibc-uZu3wS/glibc-2.27/posix/../sysdeps/unix/syscall-template.S
fn=uname
78 4 1 1 0 0 0 0 0 0
79 1 0 0 1 0 0 0 0 0
fl=/build/glibc-uZu3wS/glibc-2.27/posix/../sysdeps/unix/sysv/linux/x86/../sysconf.c
fn=sysconf
72 5 1 1 0 0 0 0 0 0
fl=/build/glibc-uZu3wS/glibc-2.27/posix/../sysdeps/unix/sysv/linux/x86/sysconf.c
fn=sysconf
32 9 2 2 1 0 0 5 0 0
33 3 0 0 0 0 0 0 0 0
37 10 0 0 7 2 0 0 0 0
fl=/build/glibc-uZu3wS/glibc-2.27/posix/../sysdeps/x86_64/multiarch/sched_cpucount.c
fn=__sched_cpucount
35 6 1 1 3 0 0 0 0 0
fl=/build/glibc-uZu3wS/glibc-2.27/resource/../sysdeps/unix/sysv/linux/getrlimit64.c
fn=getrlimit
37 1 1 1 0 0 0 0 0 0
38 7 0 0 0 0 0 0 0 0
39 1 0 0 1 0 0 0 0 0
fl=/build/glibc-uZu3wS/glibc-2.27/setjmp/../sysdeps/x86_64/bsd-_setjmp.S
fn=_setjmp
30 1 1 1 0 0 0 0 0 0
32 1 0 0 0 0 0 0 0 0
fl=/build/glibc-uZu3wS/glibc-2.27/setjmp/../sysdeps/x86_64/setjmp.S
fn=__sigsetjmp
26 12 2 2 0 0 0 12 0 0
35 12 0 0 0 0 0 0 0 0
36 24 1 1 12 0 0 0 0 0
37 12 0 0 0 0 0 12 0 0
41 12 0 0 0 0 0 12 0 0
42 12 0 0 0 0 0 12 0 0
43 12 1 1 0 0 0 12 1 1
44 12 0 0 0 0 0 12 0 0
45 12 0 0 0 0 0 0 0 0
47 24 0 0 12 0 0 0 0 0
49 12 0 0 0 0 0 12 0 0
50 12 0 0 12 0 0 0 0 0
51 12 0 0 0 0 0 0 0 0
53 24 0 0 12 0 0 0 0 0
55 12 0 0 0 0 0 12 0 0
59 11 0 0 0 0 0 0 0 0
60 11 0 0 11 0 0 0 0 0
63 1 0 0 0 0 0 0 0 0
fl=/build/glibc-uZu3wS/glibc-2.27/setjmp/sigjmp.c
fn=__sigjmp_save
28 2 0 0 0 0 0 1 0 0
29 3 1 1 0 0 0 1 0 0
34 3 0 0 2 0 0 0 0 0
fl=/build/glibc-uZu3wS/glibc-2.27/stdlib/../stdlib/strtol.c
fn=strtol
106 12 0 0 6 0 0 0 0 0
fn=strtoul
106 16 2 2 8 1 0 0 0 0
fl=/build/glibc-uZu3wS/glibc-2.27/stdlib/../stdlib/strtol_l.c
fn=____strtol_l_internal
226 27 0 0 0 0 0 18 0 0
246 6 0 0 0 0 0 0 0 0
252 6 0 0 0 0 0 0 0 0
273 3 0 0 0 0 0 0 0 0
274 3 0 0 0 0 0 0 0 0
283 12 0 0 0 0 0 0 0 0
292 18 1 1 9 1 0 0 0 0
294 6 1 1 0 0 0 0 0 0
298 3 0 0 0 0 0 3 0 0
299 6 0 0 0 0 0 0 0 0
304 6 0 0 0 0 0 0 0 0
308 6 1 1 0 0 0 0 0 0
318 6 0 0 0 0 0 0 0 0
325 6 0 0 0 0 0 0 0 0
328 15 1 1 0 0 0 3 0 0
376 3 0 0 0 0 0 0 0 0
377 3 0 0 0 0 0 0 0 0
378 3 1 1 0 0 0 0 0 0
432 30 0 0 15 0 0 0 0 0
434 72 0 0 0 0 0 0 0 0
436 45 1 1 0 0 0 0 0 0
450 9 0 0 0 0 0 3 0 0
460 3 0 0 3 0 0 0 0 0
461 3 0 0 0 0 0 0 0 0
464 45 1 1 0 0 0 0 0 0
467 45 0 0 0 0 0 0 0 0
472 18 0 0 0 0 0 0 0 0
473 45 0 0 0 0 0 0 0 0
478 6 1 1 0 0 0 0 0 0
483 6 0 0 0 0 0 0 0 0
489 6 0 0 0 0 0 0 0 0
490 6 1 1 0 0 0 0 0 0
492 9 1 1 3 0 0 0 0 0
525 24 0 0 21 0 0 0 0 0
fn=____strtoul_l_internal
226 36 1 1 0 0 0 24 0 0
246 8 0 0 0 0 0 0 0 0
252 8 0 0 0 0 0 0 0 0
273 4 0 0 0 0 0 0 0 0
274 4 0 0 0 0 0 0 0 0
283 16 0 0 0 0 0 0 0 0
292 24 1 1 12 3 2 0 0 0
294 8 1 1 0 0 0 0 0 0
298 4 0 0 0 0 0 4 0 0
299 8 0 0 0 0 0 0 0 0
304 8 0 0 0 0 0 0 0 0
308 8 1 1 0 0 0 0 0 0
310 2 1 1 0 0 0 0 0 0
318 6 0 0 0 0 0 0 0 0
325 8 0 0 0 0 0 0 0 0
328 16 2 2 0 0 0 0 0 0
373 12 0 0 4 1 1 0 0 0
374 12 1 1 4 1 1 4 0 0
376 4 0 0 0 0 0 0 0 0
377 4 0 0 0 0 0 0 0 0
378 4 0 0 0 0 0 0 0 0
432 4 0 0 2 0 0 0 0 0
434 20 0 0 0 0 0 0 0 0
436 12 1 1 0 0 0 0 0 0
443 4 0 0 0 0 0 0 0 0
450 12 0 0 0 0 0 4 0 0
460 8 0 0 6 1 0 0 0 0
461 10 1 1 4 1 1 0 0 0
464 12 0 0 0 0 0 0 0 0
467 6 0 0 0 0 0 0 0 0
472 6 0 0 0 0 0 0 0 0
473 6 0 0 0 0 0 0 0 0
478 8 1 1 0 0 0 0 0 0
483 4 0 0 0 0 0 0 0 0
484 2 0 0 0 0 0 2 0 0
496 4 0 0 0 0 0 0 0 0
507 10 0 0 2 0 0 0 0 0
514 4 0 0 0 0 0 0 0 0
516 8 0 0 0 0 0 0 0 0
521 2 1 1 0 0 0 2 1 0
524 6 0 0 0 0 0 0 0 0
525 32 0 0 28 0 0 0 0 0
fl=/build/glibc-uZu3wS/glibc-2.27/stdlib/cxa_atexit.c
fn=__cxa_atexit
39 7 1 1 2 1 1 0 0 0
40 2 0 0 0 0 0 1 0 0
42 2 0 0 0 0 0 0 0 0
49 2 1 1 1 0 0 0 0 0
51 1 0 0 0 0 0 1 0 0
52 1 0 0 0 0 0 1 0 0
53 1 0 0 0 0 0 1 0 0
54 1 0 0 0 0 0 1 0 0
55 4 0 0 2 0 0 0 0 0
56 1 1 1 0 0 0 0 0 0
65 8 1 1 0 0 0 4 0 0
67 6 0 0 5 0 0 0 0 0
fn=__new_exitfn
78 3 0 0 0 0 0 2 0 0
79 2 0 0 0 0 0 0 0 0
84 2 1 1 1 1 0 0 0 0
89 8 1 1 2 1 0 0 0 0
91 3 1 1 1 1 0 0 0 0
99 2 0 0 0 0 0 1 0 0
120 1 1 1 0 0 0 0 0 0
121 2 0 0 0 0 0 1 0 0
134 1 1 1 0 0 0 1 0 0
135 1 0 0 1 0 0 0 0 0
139 4 0 0 3 0 0 0 0 0
fl=/build/glibc-uZu3wS/glibc-2.27/stdlib/getenv.c
fn=getenv
34 160 1 1 0 0 0 120 0 0
35 40 0 0 0 0 0 20 0 0
39 140 1 1 60 0 0 0 0 0
42 60 0 0 40 2 0 0 0 0
67 20 1 1 20 0 0 0 0 0
72 20 0 0 0 0 0 0 0 0
73 20 0 0 0 0 0 0 0 0
75 5400 0 0 1340 16 0 0 0 0
84 2680 0 0 1340 64 0 0 0 0
91 180 0 0 140 0 0 0 0 0
fl=/build/glibc-uZu3wS/glibc-2.27/stdlib/random.c
fn=random
288 2769291260 1 1 692322815 0 0 692322815 0 0
291 3461614075 1 1 1384645630 1 1 0 0 0
293 2076968445 0 0 0 0 0 692322815 0 0
295 2769291260 1 1 1384645630 0 0 0 0 0
297 692322815 0 0 692322815 0 0 0 0 0
298 3461614075 1 1 2076968445 0 0 0 0 0
fl=/build/glibc-uZu3wS/glibc-2.27/stdlib/random_r.c
fn=random_r
357 2769291260 1 1 0 0 0 0 0 0
360 1384645630 2 2 692322815 0 0 0 0 0
362 2076968445 0 0 692322815 1 0 0 0 0
370 692322815 0 0 692322815 0 0 0 0 0
371 692322815 0 0 692322815 0 0 0 0 0
372 692322815 0 0 692322815 0 0 0 0 0
375 2076968445 0 0 1384645630 2 2 692322815 0 0
377 1384645630 0 0 0 0 0 692322815 0 0
378 1384645630 0 0 0 0 0 0 0 0
379 1384645630 0 0 0 0 0 0 0 0
387 1339979642 0 0 0 0 0 0 0 0
390 1362312636 0 0 669989821 0 0 692322815 0 0
391 692322815 0 0 0 0 0 692322815 0 0
393 714655809 0 0 22332994 0 0 0 0 0
fl=/build/glibc-uZu3wS/glibc-2.27/stdlib/secure-getenv.c
fn=secure_getenv
29 5 1 1 2 1 0 0 0 0
fl=/build/glibc-uZu3wS/glibc-2.27/string/../bits/stdlib-bsearch.h
fn=intel_check_word.isra.0
27 24 0 0 0 0 0 0 0 0
28 12 0 0 0 0 0 0 0 0
29 288 1 1 0 0 0 0 0 0
31 162 0 0 0 0 0 0 0 0
32 81 0 0 0 0 0 0 0 0
37 15 0 0 0 0 0 0 0 0
fl=/build/glibc-uZu3wS/glibc-2.27/string/../sysdeps/x86/cacheinfo.c
fn=handle_intel.constprop.1
259 30 1 1 3 0 0 21 0 0
261 3 0 0 3 0 0 0 0 0
264 9 0 0 3 0 0 0 0 0
270 3 1 1 0 0 0 3 0 0
272 3 0 0 0 0 0 3 0 0
273 3 0 0 0 0 0 3 0 0
275 12 0 0 0 0 0 0 0 0
281 15 0 0 0 0 0 6 0 0
286 6 0 0 0 0 0 0 0 0
288 6 1 1 0 0 0 3 0 0
289 3 0 0 0 0 0 0 0 0
293 18 0 0 0 0 0 3 0 0
295 6 0 0 0 0 0 0 0 0
298 21 1 1 0 0 0 3 0 0
300 6 0 0 0 0 0 0 0 0
319 33 2 2 27 0 0 0 0 0
fn=init_cacheinfo
488 7 0 0 0 0 0 6 0 0
500 2 1 1 1 0 0 1 0 0
502 6 1 1 4 1 0 0 0 0
504 3 0 0 0 0 0 1 0 0
506 3 1 1 0 0 0 2 0 0
510 1 0 0 0 0 0 1 0 0
511 3 0 0 0 0 0 1 0 0
519 2 0 0 0 0 0 0 0 0
530 1 0 0 0 0 0 0 0 0
535 3 0 0 1 0 0 0 0 0
539 2 0 0 1 0 0 0 0 0
547 9 1 1 0 0 0 0 0 0
550 14 1 1 0 0 0 0 0 0
556 8 0 0 0 0 0 0 0 0
559 26 0 0 0 0 0 0 0 0
564 2 0 0 0 0 0 0 0 0
568 4 0 0 0 0 0 0 0 0
569 1 0 0 0 0 0 0 0 0
573 2 0 0 0 0 0 0 0 0
577 3 0 0 0 0 0 0 0 0
580 3 0 0 0 0 0 0 0 0
581 1 0 0 0 0 0 0 0 0
586 8 0 0 0 0 0 0 0 0
592 2 1 1 1 0 0 0 0 0
600 8 1 1 1 0 0 0 0 0
602 7 0 0 0 0 0 0 0 0
604 7 0 0 0 0 0 0 0 0
606 6 1 1 0 0 0 0 0 0
609 2 0 0 0 0 0 0 0 0
610 8 0 0 0 0 0 0 0 0
612 4 0 0 0 0 0 0 0 0
615 2 0 0 0 0 0 0 0 0
620 1 0 0 0 0 0 0 0 0
622 4 0 0 0 0 0 0 0 0
623 3 1 1 0 0 0 0 0 0
624 1 0 0 0 0 0 0 0 0
627 2 0 0 0 0 0 0 0 0
630 3 1 1 0 0 0 0 0 0
634 2 0 0 1 0 0 0 0 0
637 1 0 0 0 0 0 0 0 0
639 4 0 0 0 0 0 0 0 0
640 1 0 0 0 0 0 0 0 0
645 2 0 0 0 0 0 0 0 0
650 2 0 0 0 0 0 0 0 0
651 1 0 0 0 0 0 0 0 0
652 2 0 0 0 0 0 0 0 0
653 1 0 0 0 0 0 0 0 0
654 2 0 0 1 0 0 0 0 0
691 4 1 1 0 0 0 0 0 0
692 5 0 0 0 0 0 0 0 0
696 2 0 0 0 0 0 0 0 0
755 2 1 1 0 0 0 0 0 0
758 2 0 0 0 0 0 0 0 0
760 3 1 1 0 0 0 1 0 0
761 1 0 0 0 0 0 1 1 1
763 1 0 0 0 0 0 0 0 0
764 3 0 0 0 0 0 1 0 0
765 1 0 0 0 0 0 1 0 0
768 2 0 0 0 0 0 0 0 0
771 2 0 0 0 0 0 0 0 0
773 3 0 0 0 0 0 1 0 0
774 1 0 0 0 0 0 1 1 1
776 1 0 0 0 0 0 0 0 0
777 3 0 0 0 0 0 1 0 0
778 1 1 1 0 0 0 1 0 0
786 2 0 0 1 0 0 1 1 1
788 8 0 0 1 0 0 0 0 0
789 8 0 0 7 0 0 0 0 0
fn=intel_check_word.isra.0
119 162 0 0 81 6 6 0 0 0
122 81 0 0 0 0 0 0 0 0
128 36 0 0 0 0 0 24 0 0
132 12 1 1 0 0 0 0 0 0
134 3 1 1 0 0 0 0 0 0
138 42 0 0 0 0 0 0 0 0
140 48 1 1 0 0 0 0 0 0
142 15 0 0 0 0 0 0 0 0
144 30 0 0 0 0 0 0 0 0
152 30 0 0 0 0 0 0 0 0
161 13 1 1 0 0 0 0 0 0
164 30 1 1 0 0 0 0 0 0
167 24 0 0 0 0 0 0 0 0
171 16 0 0 0 0 0 0 0 0
173 36 0 0 0 0 0 0 0 0
175 14 0 0 0 0 0 0 0 0
177 8 0 0 0 0 0 0 0 0
178 14 0 0 0 0 0 0 0 0
179 10 0 0 0 0 0 0 0 0
181 3 1 1 0 0 0 0 0 0
183 6 0 0 0 0 0 0 0 0
185 9 1 1 0 0 0 0 0 0
186 12 1 1 0 0 0 0 0 0
187 9 0 0 0 0 0 0 0 0
188 15 0 0 0 0 0 0 0 0
196 5 0 0 0 0 0 0 0 0
203 24 0 0 0 0 0 0 0 0
225 12 1 1 0 0 0 0 0 0
250 12 0 0 0 0 0 0 0 0
255 36 0 0 30 0 0 0 0 0
fl=/build/glibc-uZu3wS/glibc-2.27/string/../sysdeps/x86_64/memcmp.S
fn=bcmp
28 2 1 1 0 0 0 0 0 0
29 2 0 0 0 0 0 0 0 0
30 2 0 0 0 0 0 0 0 0
31 2 0 0 0 0 0 0 0 0
32 2 0 0 0 0 0 0 0 0
33 2 0 0 0 0 0 0 0 0
34 2 0 0 0 0 0 0 0 0
35 2 0 0 0 0 0 0 0 0
38 2 0 0 0 0 0 0 0 0
39 2 0 0 0 0 0 0 0 0
40 1 0 0 1 0 0 0 0 0
41 1 0 0 1 1 1 0 0 0
42 1 0 0 0 0 0 0 0 0
43 1 0 0 0 0 0 0 0 0
44 1 0 0 0 0 0 0 0 0
45 1 0 0 0 0 0 0 0 0
46 1 0 0 0 0 0 0 0 0
48 2 1 1 0 0 0 0 0 0
49 2 0 0 0 0 0 0 0 0
50 1 0 0 1 0 0 0 0 0
51 1 0 0 1 0 0 0 0 0
52 1 0 0 0 0 0 0 0 0
53 1 0 0 0 0 0 0 0 0
54 1 0 0 0 0 0 0 0 0
55 1 0 0 0 0 0 0 0 0
56 1 0 0 0 0 0 0 0 0
58 2 0 0 0 0 0 0 0 0
59 2 0 0 0 0 0 0 0 0
60 2 0 0 2 0 0 0 0 0
61 2 0 0 2 1 1 0 0 0
62 2 0 0 0 0 0 0 0 0
63 2 0 0 0 0 0 0 0 0
64 1 0 0 0 0 0 0 0 0
65 1 1 1 0 0 0 0 0 0
66 1 0 0 0 0 0 0 0 0
68 1 0 0 0 0 0 0 0 0
69 1 0 0 0 0 0 0 0 0
70 1 0 0 1 0 0 0 0 0
71 1 0 0 1 0 0 0 0 0
72 1 0 0 0 0 0 0 0 0
73 1 0 0 0 0 0 0 0 0
102 2 1 1 0 0 0 0 0 0
103 2 0 0 0 0 0 0 0 0
118 2 1 1 0 0 0 0 0 0
119 2 0 0 2 0 0 0 0 0
fl=/build/glibc-uZu3wS/glibc-2.27/string/../sysdeps/x86_64/multiarch/../strchr.S
fn=index
24 17 1 1 0 0 0 0 0 0
25 17 0 0 0 0 0 0 0 0
26 17 0 0 0 0 0 0 0 0
27 17 0 0 0 0 0 0 0 0
28 17 0 0 0 0 0 0 0 0
29 17 0 0 0 0 0 0 0 0
30 17 0 0 0 0 0 0 0 0
31 17 0 0 0 0 0 0 0 0
32 17 0 0 17 4 4 0 0 0
33 17 0 0 0 0 0 0 0 0
34 17 0 0 0 0 0 0 0 0
35 17 0 0 0 0 0 0 0 0
36 17 0 0 0 0 0 0 0 0
37 17 0 0 0 0 0 0 0 0
38 17 0 0 0 0 0 0 0 0
39 17 1 1 0 0 0 0 0 0
40 17 0 0 0 0 0 0 0 0
41 13 0 0 0 0 0 0 0 0
45 13 0 0 0 0 0 0 0 0
46 13 0 0 0 0 0 0 0 0
47 13 0 0 13 0 0 0 0 0
48 13 0 0 0 0 0 0 0 0
50 13 0 0 13 0 0 0 0 0
54 4 0 0 4 1 1 0 0 0
55 4 0 0 0 0 0 0 0 0
56 4 0 0 0 0 0 0 0 0
57 4 0 0 0 0 0 0 0 0
58 4 0 0 0 0 0 0 0 0
59 4 0 0 0 0 0 0 0 0
60 4 0 0 4 1 1 0 0 0
61 4 0 0 0 0 0 0 0 0
62 4 0 0 0 0 0 0 0 0
63 4 1 1 0 0 0 0 0 0
64 4 0 0 0 0 0 0 0 0
65 4 0 0 0 0 0 0 0 0
66 4 0 0 0 0 0 0 0 0
67 4 0 0 4 1 1 0 0 0
68 4 0 0 0 0 0 0 0 0
69 4 0 0 0 0 0 0 0 0
70 4 0 0 0 0 0 0 0 0
71 4 0 0 0 0 0 0 0 0
72 4 0 0 0 0 0 0 0 0
73 4 0 0 0 0 0 0 0 0
74 4 0 0 0 0 0 0 0 0
75 4 0 0 0 0 0 0 0 0
76 4 0 0 0 0 0 0 0 0
77 4 0 0 0 0 0 0 0 0
129 4 1 1 0 0 0 0 0 0
133 4 0 0 0 0 0 0 0 0
134 4 0 0 0 0 0 0 0 0
135 4 0 0 4 0 0 0 0 0
136 4 0 0 0 0 0 0 0 0
138 4 0 0 4 0 0 0 0 0
fl=/build/glibc-uZu3wS/glibc-2.27/string/../sysdeps/x86_64/multiarch/../strlen.S
fn=strlen
79 29 1 1 0 0 0 0 0 0
80 29 0 0 0 0 0 0 0 0
81 29 0 0 0 0 0 0 0 0
82 29 0 0 0 0 0 0 0 0
83 29 0 0 0 0 0 0 0 0
84 29 0 0 0 0 0 0 0 0
85 29 0 0 0 0 0 0 0 0
87 29 1 1 0 0 0 0 0 0
89 29 0 0 0 0 0 0 0 0
120 28 0 0 28 3 3 0 0 0
121 28 0 0 0 0 0 0 0 0
122 28 0 0 0 0 0 0 0 0
123 28 0 0 0 0 0 0 0 0
124 28 0 0 0 0 0 0 0 0
125 14 0 0 0 0 0 0 0 0
127 14 0 0 14 0 0 0 0 0
131 14 0 0 0 0 0 0 0 0
132 14 0 0 14 0 0 0 0 0
133 14 0 0 14 0 0 0 0 0
134 14 0 0 14 3 3 0 0 0
135 14 0 0 0 0 0 0 0 0
136 14 0 0 0 0 0 0 0 0
137 14 0 0 0 0 0 0 0 0
138 14 0 0 0 0 0 0 0 0
139 14 1 1 0 0 0 0 0 0
140 14 0 0 0 0 0 0 0 0
141 14 0 0 0 0 0 0 0 0
142 14 0 0 0 0 0 0 0 0
147 112 0 0 14 0 0 0 0 0
151 1 0 0 0 0 0 0 0 0
152 14 1 1 4 0 0 0 0 0
153 6 0 0 0 0 0 0 0 0
168 1 1 1 0 0 0 0 0 0
169 1 0 0 0 0 0 0 0 0
170 2 0 0 0 0 0 0 0 0
221 1 0 0 1 0 0 0 0 0
222 1 0 0 1 0 0 0 0 0
223 1 0 0 1 0 0 0 0 0
224 1 0 0 1 0 0 0 0 0
225 1 0 0 0 0 0 0 0 0
226 1 0 0 0 0 0 0 0 0
227 1 0 0 0 0 0 0 0 0
228 1 0 0 0 0 0 0 0 0
244 1 1 1 0 0 0 0 0 0
246 1 0 0 0 0 0 0 0 0
247 14 1 1 4 0 0 0 0 0
249 1 0 0 0 0 0 0 0 0
250 1 0 0 0 0 0 0 0 0
251 1 0 0 0 0 0 0 0 0
253 1 0 0 1 0 0 0 0 0
fl=/build/glibc-uZu3wS/glibc-2.27/string/../sysdeps/x86_64/multiarch/ifunc-avx2.h
fn=memchr
30 4 0 0 0 0 0 0 0 0
32 3 0 0 2 0 0 0 0 0
fn=memrchr
30 4 0 0 0 0 0 0 0 0
32 3 1 1 2 0 0 0 0 0
fn=rawmemchr
30 4 0 0 0 0 0 0 0 0
32 3 1 1 2 0 0 0 0 0
fn=rindex
30 4 0 0 0 0 0 0 0 0
32 3 0 0 2 0 0 0 0 0
fn=strchrnul
30 4 0 0 0 0 0 0 0 0
32 3 1 1 2 0 0 0 0 0
fn=strlen
30 4 0 0 0 0 0 0 0 0
32 3 1 1 2 0 0 0 0 0
fn=strnlen
30 8 0 0 0 0 0 0 0 0
32 6 1 1 4 0 0 0 0 0
fl=/build/glibc-uZu3wS/glibc-2.27/string/../sysdeps/x86_64/multiarch/ifunc-memcmp.h
fn=bcmp
32 2 0 0 0 0 0 0 0 0
33 5 2 2 3 0 0 0 0 0
34 2 0 0 0 0 0 0 0 0
35 3 0 0 0 0 0 0 0 0
fl=/build/glibc-uZu3wS/glibc-2.27/string/../sysdeps/x86_64/multiarch/ifunc-memmove.h
fn=memcpy@@GLIBC_2.14
44 5 1 1 2 0 0 0 0 0
47 2 0 0 0 0 0 0 0 0
48 2 0 0 0 0 0 0 0 0
59 2 0 0 0 0 0 0 0 0
61 5 2 2 2 0 0 0 0 0
fn=memmove
44 10 1 1 4 1 0 0 0 0
47 4 0 0 0 0 0 0 0 0
48 4 0 0 0 0 0 0 0 0
59 4 1 1 0 0 0 0 0 0
61 10 1 1 4 1 0 0 0 0
fn=mempcpy
44 5 1 1 2 0 0 0 0 0
47 2 0 0 0 0 0 0 0 0
48 2 0 0 0 0 0 0 0 0
59 2 0 0 0 0 0 0 0 0
61 5 2 2 2 0 0 0 0 0
fl=/build/glibc-uZu3wS/glibc-2.27/string/../sysdeps/x86_64/multiarch/ifunc-memset.h
fn=memset
42 10 1 0 4 0 0 0 0 0
45 8 0 0 2 1 0 0 0 0
46 4 2 1 0 0 0 0 0 0
57 4 0 0 0 0 0 0 0 0
59 10 0 0 2 0 0 0 0 0
fl=/build/glibc-uZu3wS/glibc-2.27/string/../sysdeps/x86_64/multiarch/ifunc-sse4_2.h
fn=strcspn
30 5 1 1 2 0 0 0 0 0
fn=strpbrk
30 5 1 1 2 0 0 0 0 0
fn=strspn
30 5 2 2 2 0 0 0 0 0
fl=/build/glibc-uZu3wS/glibc-2.27/string/../sysdeps/x86_64/multiarch/ifunc-strcasecmp.h
fn=strcasecmp
32 5 2 2 2 0 0 0 0 0
fn=strcasecmp_l
32 5 0 0 2 0 0 0 0 0
fn=strncasecmp
32 5 1 1 2 0 0 0 0 0
fn=strncasecmp_l
32 5 0 0 2 0 0 0 0 0
fl=/build/glibc-uZu3wS/glibc-2.27/string/../sysdeps/x86_64/multiarch/ifunc-unaligned-ssse3.h
fn=stpcpy
33 4 1 1 2 0 0 0 0 0
fn=stpncpy
33 4 0 0 2 0 0 0 0 0
fn=strcat
33 4 2 2 2 0 0 0 0 0
fn=strcpy
33 4 0 0 2 0 0 0 0 0
fn=strncpy
33 4 1 1 2 0 0 0 0 0
fl=/build/glibc-uZu3wS/glibc-2.27/string/../sysdeps/x86_64/multiarch/memchr.c
fn=memchr
29 1 0 0 1 0 0 0 0 0
fl=/build/glibc-uZu3wS/glibc-2.27/string/../sysdeps/x86_64/multiarch/memcmp.c
fn=bcmp
29 1 0 0 1 0 0 0 0 0
fl=/build/glibc-uZu3wS/glibc-2.27/string/../sysdeps/x86_64/multiarch/memmove-vec-unaligned-erms.S
fn=__memcpy_avx_unaligned_erms
221 18 1 1 0 0 0 0 0 0
227 18 0 0 0 0 0 0 0 0
228 18 0 0 0 0 0 0 0 0
272 18 1 1 0 0 0 0 0 0
273 18 0 0 0 0 0 0 0 0
275 17 0 0 0 0 0 0 0 0
276 17 0 0 0 0 0 0 0 0
277 8 0 0 0 0 0 0 0 0
278 8 0 0 0 0 0 0 0 0
279 2 0 0 0 0 0 0 0 0
280 2 0 0 0 0 0 0 0 0
299 1 0 0 1 0 0 0 0 0
300 1 0 0 1 0 0 0 0 0
301 1 0 0 0 0 0 1 0 0
302 1 0 0 0 0 0 1 0 0
303 1 0 0 1 0 0 0 0 0
307 9 0 0 9 0 0 0 0 0
308 9 0 0 9 0 0 0 0 0
309 9 0 0 0 0 0 9 0 0
310 9 0 0 0 0 0 9 0 0
311 9 0 0 9 0 0 0 0 0
314 6 0 0 6 0 0 0 0 0
315 6 0 0 6 0 0 0 0 0
316 6 0 0 0 0 0 6 0 0
317 6 0 0 0 0 0 6 0 0
318 6 0 0 6 0 0 0 0 0
321 2 1 1 2 0 0 0 0 0
322 2 0 0 2 0 0 0 0 0
323 2 0 0 0 0 0 2 0 0
324 2 1 1 0 0 0 2 0 0
325 2 0 0 2 0 0 0 0 0
fn=memcpy
129 32 1 1 0 0 0 0 0 0
135 71 0 0 0 0 0 0 0 0
136 71 0 0 0 0 0 0 0 0
137 30 0 0 0 0 0 0 0 0
138 30 0 0 0 0 0 0 0 0
143 16 0 0 16 1 0 0 0 0
144 16 0 0 16 0 0 0 0 0
145 16 0 0 0 0 0 16 4 4
146 16 0 0 0 0 0 16 2 2
151 16 0 0 16 0 0 0 0 0
275 41 1 1 0 0 0 0 0 0
276 41 0 0 0 0 0 0 0 0
277 14 0 0 0 0 0 0 0 0
278 14 0 0 0 0 0 0 0 0
279 8 0 0 0 0 0 0 0 0
280 8 0 0 0 0 0 0 0 0
281 6 0 0 0 0 0 0 0 0
282 1 0 0 1 0 0 0 0 0
283 1 0 0 0 0 0 1 1 1
285 6 0 0 6 0 0 0 0 0
307 27 0 0 27 1 0 0 0 0
308 27 0 0 27 0 0 0 0 0
309 27 0 0 0 0 0 27 6 6
310 27 0 0 0 0 0 27 0 0
311 27 0 0 27 0 0 0 0 0
314 6 0 0 6 0 0 0 0 0
315 6 0 0 6 0 0 0 0 0
316 6 0 0 0 0 0 6 0 0
317 6 0 0 0 0 0 6 0 0
318 6 0 0 6 0 0 0 0 0
321 2 1 1 2 1 1 0 0 0
322 2 0 0 2 0 0 0 0 0
323 2 0 0 0 0 0 2 1 1
324 2 0 0 0 0 0 2 0 0
325 2 0 0 2 0 0 0 0 0
335 14 0 0 0 0 0 0 0 0
336 14 0 0 0 0 0 0 0 0
337 14 0 0 0 0 0 0 0 0
338 14 0 0 0 0 0 0 0 0
360 14 1 1 14 0 0 0 0 0
361 14 0 0 14 0 0 0 0 0
362 14 0 0 14 0 0 0 0 0
363 14 0 0 14 0 0 0 0 0
364 14 0 0 0 0 0 14 3 3
365 14 1 1 0 0 0 14 0 0
366 14 0 0 0 0 0 14 5 5
367 14 0 0 0 0 0 14 0 0
369 14 0 0 14 0 0 0 0 0
fn=mempcpy
116 39 0 0 0 0 0 0 0 0
117 39 0 0 0 0 0 0 0 0
118 39 0 0 0 0 0 0 0 0
fl=/build/glibc-uZu3wS/glibc-2.27/string/../sysdeps/x86_64/multiarch/memrchr.c
fn=memrchr
29 1 0 0 1 0 0 0 0 0
fl=/build/glibc-uZu3wS/glibc-2.27/string/../sysdeps/x86_64/multiarch/memset-vec-unaligned-erms.S
fn=__memset_avx2_unaligned_erms
162 3 1 1 0 0 0 0 0 0
167 1 0 0 0 0 0 0 0 0
168 1 0 0 0 0 0 0 0 0
227 1 1 1 0 0 0 0 0 0
228 1 0 0 0 0 0 0 0 0
230 1 0 0 0 0 0 0 0 0
231 1 0 0 0 0 0 0 0 0
232 1 0 0 0 0 0 0 0 0
233 1 0 0 0 0 0 0 0 0
234 1 0 0 0 0 0 0 0 0
235 1 0 0 0 0 0 0 0 0
236 1 0 0 0 0 0 0 0 0
237 1 0 0 0 0 0 0 0 0
240 1 0 0 0 0 0 0 0 0
241 1 0 0 1 0 0 0 0 0
fn=memset
109 85 1 1 0 0 0 0 0 0
115 17 0 0 0 0 0 0 0 0
116 17 0 0 0 0 0 0 0 0
117 10 0 0 0 0 0 0 0 0
118 10 0 0 0 0 0 0 0 0
120 4 0 0 0 0 0 4 2 2
121 4 0 0 0 0 0 4 0 0
123 4 0 0 4 0 0 0 0 0
182 6 1 1 0 0 0 0 0 0
183 6 0 0 0 0 0 0 0 0
193 6 0 0 0 0 0 0 0 0
194 6 0 0 0 0 0 6 5 5
195 6 0 0 0 0 0 0 0 0
196 6 0 0 0 0 0 6 6 6
197 6 0 0 0 0 0 6 1 1
198 6 0 0 0 0 0 6 2 2
199 6 0 0 0 0 0 6 1 1
200 6 0 0 0 0 0 6 0 0
201 6 0 0 0 0 0 6 1 1
202 6 0 0 0 0 0 6 0 0
203 6 0 0 0 0 0 0 0 0
204 6 0 0 0 0 0 0 0 0
205 6 0 0 0 0 0 0 0 0
206 6 0 0 0 0 0 0 0 0
208 90 0 0 0 0 0 90 81 81
209 90 0 0 0 0 0 90 0 0
210 90 0 0 0 0 0 90 0 0
211 90 0 0 0 0 0 90 0 0
212 90 0 0 0 0 0 0 0 0
213 90 0 0 0 0 0 0 0 0
214 90 0 0 0 0 0 0 0 0
215 6 0 0 6 0 0 0 0 0
230 7 1 1 0 0 0 0 0 0
231 7 0 0 0 0 0 0 0 0
232 7 1 1 0 0 0 0 0 0
233 3 0 0 0 0 0 0 0 0
234 3 0 0 0 0 0 0 0 0
235 1 0 0 0 0 0 0 0 0
236 1 0 0 0 0 0 0 0 0
260 4 0 0 0 0 0 4 1 1
261 4 0 0 0 0 0 4 0 0
263 4 0 0 4 0 0 0 0 0
266 2 0 0 0 0 0 2 0 0
267 2 0 0 0 0 0 2 0 0
269 2 0 0 2 0 0 0 0 0
272 1 0 0 0 0 0 1 0 0
273 1 0 0 0 0 0 1 0 0
275 1 0 0 1 0 0 0 0 0
fl=/build/glibc-uZu3wS/glibc-2.27/string/../sysdeps/x86_64/multiarch/rawmemchr.c
fn=rawmemchr
31 1 0 0 1 0 0 0 0 0
fl=/build/glibc-uZu3wS/glibc-2.27/string/../sysdeps/x86_64/multiarch/stpcpy.c
fn=stpcpy
33 1 0 0 1 0 0 0 0 0
fl=/build/glibc-uZu3wS/glibc-2.27/string/../sysdeps/x86_64/multiarch/stpncpy.c
fn=stpncpy
31 1 0 0 1 0 0 0 0 0
fl=/build/glibc-uZu3wS/glibc-2.27/string/../sysdeps/x86_64/multiarch/strcasecmp.c
fn=strcasecmp
31 1 0 0 1 0 0 0 0 0
fl=/build/glibc-uZu3wS/glibc-2.27/string/../sysdeps/x86_64/multiarch/strcasecmp_l.c
fn=strcasecmp_l
31 1 1 1 1 0 0 0 0 0
fl=/build/glibc-uZu3wS/glibc-2.27/string/../sysdeps/x86_64/multiarch/strcat.c
fn=strcat
29 1 0 0 1 0 0 0 0 0
fl=/build/glibc-uZu3wS/glibc-2.27/string/../sysdeps/x86_64/multiarch/strchr.c
fn=index
38 3 0 0 0 0 0 0 0 0
40 4 0 0 2 0 0 0 0 0
49 1 0 0 1 0 0 0 0 0
fl=/build/glibc-uZu3wS/glibc-2.27/string/../sysdeps/x86_64/multiarch/strchrnul.c
fn=strchrnul
31 1 0 0 1 0 0 0 0 0
fl=/build/glibc-uZu3wS/glibc-2.27/string/../sysdeps/x86_64/multiarch/strcmp.c
fn=strcmp
38 4 1 1 2 0 0 0 0 0
47 1 1 1 1 0 0 0 0 0
fl=/build/glibc-uZu3wS/glibc-2.27/string/../sysdeps/x86_64/multiarch/strcpy.c
fn=strcpy
29 1 0 0 1 0 0 0 0 0
fl=/build/glibc-uZu3wS/glibc-2.27/string/../sysdeps/x86_64/multiarch/strcspn.c
fn=strcspn
29 1 0 0 1 0 0 0 0 0
fl=/build/glibc-uZu3wS/glibc-2.27/string/../sysdeps/x86_64/multiarch/strlen-avx2.S
fn=__strlen_avx2
55 38 1 1 0 0 0 0 0 0
56 38 0 0 0 0 0 0 0 0
57 38 0 0 0 0 0 0 0 0
60 38 0 0 0 0 0 0 0 0
61 38 0 0 0 0 0 0 0 0
62 38 0 0 0 0 0 0 0 0
65 20 0 0 20 4 4 0 0 0
66 20 0 0 0 0 0 0 0 0
67 20 0 0 0 0 0 0 0 0
75 20 0 0 0 0 0 0 0 0
94 18 1 1 0 0 0 0 0 0
95 18 0 0 0 0 0 0 0 0
96 18 0 0 18 1 0 0 0 0
97 18 0 0 0 0 0 0 0 0
99 18 0 0 0 0 0 0 0 0
100 18 0 0 0 0 0 0 0 0
101 18 0 0 0 0 0 0 0 0
102 14 0 0 0 0 0 0 0 0
108 14 0 0 0 0 0 0 0 0
109 14 0 0 0 0 0 0 0 0
110 14 0 0 0 0 0 0 0 0
114 14 0 0 0 0 0 0 0 0
115 14 0 0 14 0 0 0 0 0
131 4 0 0 0 0 0 0 0 0
141 4 0 0 4 4 4 0 0 0
142 4 0 0 0 0 0 0 0 0
143 4 0 0 0 0 0 0 0 0
144 4 1 1 0 0 0 0 0 0
335 24 1 1 0 0 0 0 0 0
336 24 0 0 0 0 0 0 0 0
337 24 0 0 0 0 0 0 0 0
341 24 0 0 0 0 0 0 0 0
342 24 0 0 24 0 0 0 0 0
fl=/build/glibc-uZu3wS/glibc-2.27/string/../sysdeps/x86_64/multiarch/strlen.c
fn=strlen
29 1 0 0 1 0 0 0 0 0
fl=/build/glibc-uZu3wS/glibc-2.27/string/../sysdeps/x86_64/multiarch/strncase.c
fn=strncasecmp
31 1 1 1 1 0 0 0 0 0
fl=/build/glibc-uZu3wS/glibc-2.27/string/../sysdeps/x86_64/multiarch/strncase_l.c
fn=strncasecmp_l
31 1 1 1 1 0 0 0 0 0
fl=/build/glibc-uZu3wS/glibc-2.27/string/../sysdeps/x86_64/multiarch/strncmp.c
fn=strncmp
38 4 1 1 2 0 0 0 0 0
39 3 0 0 1 0 0 0 0 0
48 1 0 0 1 0 0 0 0 0
fl=/build/glibc-uZu3wS/glibc-2.27/string/../sysdeps/x86_64/multiarch/strncpy.c
fn=strncpy
29 1 1 1 1 0 0 0 0 0
fl=/build/glibc-uZu3wS/glibc-2.27/string/../sysdeps/x86_64/multiarch/strnlen.c
fn=strnlen
31 2 0 0 2 0 0 0 0 0
fl=/build/glibc-uZu3wS/glibc-2.27/string/../sysdeps/x86_64/multiarch/strpbrk.c
fn=strpbrk
29 1 0 0 1 0 0 0 0 0
fl=/build/glibc-uZu3wS/glibc-2.27/string/../sysdeps/x86_64/multiarch/strrchr-avx2.S
fn=__strrchr_avx2
43 1 1 1 0 0 0 0 0 0
44 1 0 0 0 0 0 0 0 0
46 1 0 0 0 0 0 0 0 0
47 1 0 0 0 0 0 0 0 0
50 1 0 0 0 0 0 0 0 0
51 1 0 0 0 0 0 0 0 0
52 1 0 0 0 0 0 0 0 0
85 1 1 1 0 0 0 0 0 0
86 1 0 0 0 0 0 0 0 0
87 1 0 0 1 1 0 0 0 0
88 1 0 0 0 0 0 0 0 0
89 1 1 1 0 0 0 0 0 0
90 1 0 0 0 0 0 0 0 0
91 1 0 0 0 0 0 0 0 0
92 1 0 0 0 0 0 0 0 0
93 1 0 0 0 0 0 0 0 0
94 1 0 0 0 0 0 0 0 0
97 1 0 0 0 0 0 0 0 0
98 1 0 0 0 0 0 0 0 0
107 1 0 0 0 0 0 0 0 0
108 1 0 0 0 0 0 0 0 0
207 1 1 1 0 0 0 0 0 0
208 1 0 0 0 0 0 0 0 0
216 1 0 0 0 0 0 0 0 0
217 1 0 0 0 0 0 0 0 0
218 1 0 0 0 0 0 0 0 0
219 1 0 0 0 0 0 0 0 0
220 1 0 0 0 0 0 0 0 0
222 1 0 0 0 0 0 0 0 0
223 1 0 0 0 0 0 0 0 0
224 1 0 0 0 0 0 0 0 0
225 1 0 0 0 0 0 0 0 0
226 1 0 0 1 0 0 0 0 0
fl=/build/glibc-uZu3wS/glibc-2.27/string/../sysdeps/x86_64/multiarch/strrchr.c
fn=rindex
28 1 0 0 1 0 0 0 0 0
fl=/build/glibc-uZu3wS/glibc-2.27/string/../sysdeps/x86_64/multiarch/strspn.c
fn=strspn
29 1 0 0 1 0 0 0 0 0
fl=/build/glibc-uZu3wS/glibc-2.27/string/../sysdeps/x86_64/strcmp.S
fn=strcmp
144 846 1 1 0 0 0 0 0 0
145 846 0 0 0 0 0 0 0 0
147 846 0 0 0 0 0 0 0 0
148 846 0 0 0 0 0 0 0 0
169 846 0 0 0 0 0 0 0 0
170 846 0 0 0 0 0 0 0 0
171 768 0 0 0 0 0 0 0 0
172 768 0 0 0 0 0 0 0 0
173 661 0 0 661 51 21 0 0 0
174 661 0 0 661 31 2 0 0 0
175 661 0 0 661 0 0 0 0 0
176 661 0 0 661 0 0 0 0 0
197 661 0 0 0 0 0 0 0 0
198 661 0 0 0 0 0 0 0 0
199 661 0 0 0 0 0 0 0 0
200 661 0 0 0 0 0 0 0 0
201 661 0 0 0 0 0 0 0 0
202 661 0 0 0 0 0 0 0 0
203 661 0 0 0 0 0 0 0 0
208 18 0 0 0 0 0 0 0 0
209 18 0 0 0 0 0 0 0 0
218 203 1 1 0 0 0 0 0 0
219 203 0 0 0 0 0 0 0 0
220 203 0 0 0 0 0 0 0 0
221 203 0 0 0 0 0 0 0 0
222 203 0 0 0 0 0 0 0 0
223 203 0 0 0 0 0 0 0 0
224 203 0 0 0 0 0 0 0 0
225 203 0 0 0 0 0 0 0 0
226 194 0 0 0 0 0 0 0 0
227 137 0 0 0 0 0 0 0 0
228 137 0 0 0 0 0 0 0 0
229 137 0 0 0 0 0 0 0 0
231 194 0 0 0 0 0 0 0 0
232 194 0 0 0 0 0 0 0 0
233 194 1 1 0 0 0 0 0 0
234 194 0 0 194 6 2 0 0 0
235 194 0 0 0 0 0 0 0 0
236 194 0 0 0 0 0 0 0 0
246 9 0 0 9 0 0 0 0 0
247 9 0 0 0 0 0 0 0 0
248 9 0 0 0 0 0 0 0 0
250 9 0 0 9 2 1 0 0 0
256 9 0 0 0 0 0 0 0 0
257 9 0 0 0 0 0 0 0 0
258 9 0 0 0 0 0 0 0 0
259 9 0 0 0 0 0 0 0 0
260 9 0 0 0 0 0 0 0 0
265 9 0 0 0 0 0 0 0 0
267 1 0 0 0 0 0 0 0 0
268 1 1 1 0 0 0 0 0 0
269 2 0 0 0 0 0 0 0 0
277 1 0 0 1 0 0 0 0 0
278 1 0 0 1 0 0 0 0 0
281 1 0 0 0 0 0 0 0 0
282 1 0 0 0 0 0 0 0 0
283 1 0 0 0 0 0 0 0 0
284 1 0 0 0 0 0 0 0 0
285 1 0 0 0 0 0 0 0 0
286 1 0 0 0 0 0 0 0 0
317 54 2 1 0 0 0 0 0 0
318 54 0 0 54 0 0 0 0 0
319 54 0 0 54 1 0 0 0 0
320 54 0 0 0 0 0 0 0 0
321 54 2 1 0 0 0 0 0 0
323 54 0 0 0 0 0 0 0 0
324 54 0 0 0 0 0 0 0 0
325 54 0 0 0 0 0 0 0 0
326 54 0 0 0 0 0 0 0 0
327 54 0 0 0 0 0 0 0 0
328 54 0 0 0 0 0 0 0 0
329 54 0 0 0 0 0 0 0 0
330 15 0 0 15 0 0 0 0 0
333 15 0 0 0 0 0 0 0 0
334 15 0 0 0 0 0 0 0 0
335 15 0 0 0 0 0 0 0 0
341 15 0 0 0 0 0 0 0 0
342 15 0 0 0 0 0 0 0 0
343 30 2 1 0 0 0 0 0 0
347 15 0 0 0 0 0 0 0 0
348 15 0 0 0 0 0 0 0 0
351 15 0 0 15 0 0 0 0 0
352 15 0 0 15 0 0 0 0 0
353 15 0 0 0 0 0 0 0 0
356 15 0 0 0 0 0 0 0 0
357 15 0 0 0 0 0 0 0 0
358 15 0 0 0 0 0 0 0 0
364 15 0 0 0 0 0 0 0 0
365 15 0 0 0 0 0 0 0 0
366 15 2 1 0 0 0 0 0 0
367 15 0 0 0 0 0 0 0 0
368 15 0 0 0 0 0 0 0 0
369 15 0 0 0 0 0 0 0 0
447 2 1 1 0 0 0 0 0 0
448 2 0 0 2 0 0 0 0 0
449 2 0 0 2 0 0 0 0 0
450 2 0 0 0 0 0 0 0 0
451 2 1 1 0 0 0 0 0 0
453 2 0 0 0 0 0 0 0 0
454 2 0 0 0 0 0 0 0 0
455 2 0 0 0 0 0 0 0 0
456 2 0 0 0 0 0 0 0 0
457 2 0 0 0 0 0 0 0 0
458 2 0 0 0 0 0 0 0 0
459 2 0 0 0 0 0 0 0 0
460 2 0 0 2 0 0 0 0 0
463 2 0 0 0 0 0 0 0 0
464 2 0 0 0 0 0 0 0 0
465 2 0 0 0 0 0 0 0 0
471 2 0 0 0 0 0 0 0 0
472 2 0 0 0 0 0 0 0 0
473 4 1 1 0 0 0 0 0 0
477 2 0 0 0 0 0 0 0 0
478 2 0 0 0 0 0 0 0 0
481 2 0 0 2 0 0 0 0 0
482 2 0 0 2 0 0 0 0 0
483 2 0 0 0 0 0 0 0 0
486 2 0 0 0 0 0 0 0 0
487 2 0 0 0 0 0 0 0 0
488 2 0 0 0 0 0 0 0 0
494 2 0 0 0 0 0 0 0 0
495 2 0 0 0 0 0 0 0 0
496 2 1 1 0 0 0 0 0 0
497 2 0 0 0 0 0 0 0 0
498 2 0 0 0 0 0 0 0 0
499 2 0 0 0 0 0 0 0 0
571 1 1 1 0 0 0 0 0 0
572 1 0 0 1 0 0 0 0 0
573 1 0 0 1 0 0 0 0 0
574 1 0 0 0 0 0 0 0 0
575 1 1 1 0 0 0 0 0 0
577 1 0 0 0 0 0 0 0 0
578 1 0 0 0 0 0 0 0 0
579 1 0 0 0 0 0 0 0 0
580 1 0 0 0 0 0 0 0 0
581 1 0 0 0 0 0 0 0 0
582 1 0 0 0 0 0 0 0 0
583 1 0 0 0 0 0 0 0 0
584 1 0 0 1 0 0 0 0 0
588 1 0 0 0 0 0 0 0 0
589 1 0 0 0 0 0 0 0 0
590 1 0 0 0 0 0 0 0 0
596 1 0 0 0 0 0 0 0 0
597 1 0 0 0 0 0 0 0 0
598 2 1 1 0 0 0 0 0 0
602 1 0 0 0 0 0 0 0 0
603 1 0 0 0 0 0 0 0 0
606 1 0 0 1 0 0 0 0 0
607 1 0 0 1 1 1 0 0 0
608 1 0 0 0 0 0 0 0 0
611 1 0 0 0 0 0 0 0 0
612 1 0 0 0 0 0 0 0 0
613 1 0 0 0 0 0 0 0 0
619 1 0 0 0 0 0 0 0 0
620 1 0 0 0 0 0 0 0 0
621 1 1 1 0 0 0 0 0 0
622 1 0 0 0 0 0 0 0 0
623 1 0 0 0 0 0 0 0 0
624 1 0 0 0 0 0 0 0 0
696 1 1 1 0 0 0 0 0 0
697 1 0 0 1 0 0 0 0 0
698 1 0 0 1 0 0 0 0 0
699 1 0 0 0 0 0 0 0 0
700 1 1 1 0 0 0 0 0 0
702 1 0 0 0 0 0 0 0 0
703 1 0 0 0 0 0 0 0 0
704 1 0 0 0 0 0 0 0 0
705 1 0 0 0 0 0 0 0 0
706 1 0 0 0 0 0 0 0 0
707 1 0 0 0 0 0 0 0 0
708 1 0 0 0 0 0 0 0 0
821 1 1 1 0 0 0 0 0 0
822 1 0 0 1 1 1 0 0 0
823 1 0 0 1 0 0 0 0 0
824 1 0 0 0 0 0 0 0 0
825 1 1 1 0 0 0 0 0 0
827 1 0 0 0 0 0 0 0 0
828 1 0 0 0 0 0 0 0 0
829 1 0 0 0 0 0 0 0 0
830 1 0 0 0 0 0 0 0 0
831 1 0 0 0 0 0 0 0 0
832 1 0 0 0 0 0 0 0 0
833 1 0 0 0 0 0 0 0 0
834 1 0 0 1 0 0 0 0 0
838 1 0 0 0 0 0 0 0 0
839 1 0 0 0 0 0 0 0 0
840 1 0 0 0 0 0 0 0 0
846 1 0 0 0 0 0 0 0 0
847 1 0 0 0 0 0 0 0 0
848 2 1 1 0 0 0 0 0 0
852 1 0 0 0 0 0 0 0 0
853 1 0 0 0 0 0 0 0 0
856 1 0 0 1 0 0 0 0 0
857 1 0 0 1 0 0 0 0 0
858 1 0 0 0 0 0 0 0 0
861 1 0 0 0 0 0 0 0 0
862 1 0 0 0 0 0 0 0 0
863 1 0 0 0 0 0 0 0 0
869 1 0 0 0 0 0 0 0 0
870 1 0 0 0 0 0 0 0 0
871 1 1 1 0 0 0 0 0 0
872 1 0 0 0 0 0 0 0 0
873 1 0 0 0 0 0 0 0 0
874 1 0 0 0 0 0 0 0 0
946 4 1 1 0 0 0 0 0 0
947 4 0 0 4 1 0 0 0 0
948 4 0 0 4 0 0 0 0 0
949 4 0 0 0 0 0 0 0 0
950 4 1 1 0 0 0 0 0 0
952 4 0 0 0 0 0 0 0 0
953 4 0 0 0 0 0 0 0 0
954 4 0 0 0 0 0 0 0 0
955 4 0 0 0 0 0 0 0 0
956 4 0 0 0 0 0 0 0 0
957 4 0 0 0 0 0 0 0 0
958 4 0 0 0 0 0 0 0 0
959 1 0 0 1 0 0 0 0 0
963 1 0 0 0 0 0 0 0 0
964 1 0 0 0 0 0 0 0 0
965 1 0 0 0 0 0 0 0 0
971 1 0 0 0 0 0 0 0 0
972 1 0 0 0 0 0 0 0 0
973 2 1 1 0 0 0 0 0 0
977 1 0 0 0 0 0 0 0 0
978 1 0 0 0 0 0 0 0 0
981 1 0 0 1 0 0 0 0 0
982 1 0 0 1 1 0 0 0 0
983 1 0 0 0 0 0 0 0 0
986 1 0 0 0 0 0 0 0 0
987 1 0 0 0 0 0 0 0 0
988 1 0 0 0 0 0 0 0 0
994 1 0 0 0 0 0 0 0 0
995 1 0 0 0 0 0 0 0 0
996 1 1 1 0 0 0 0 0 0
997 1 0 0 0 0 0 0 0 0
998 1 0 0 0 0 0 0 0 0
999 1 0 0 0 0 0 0 0 0
1071 7 1 1 0 0 0 0 0 0
1072 7 0 0 7 2 2 0 0 0
1073 7 0 0 7 2 2 0 0 0
1074 7 0 0 0 0 0 0 0 0
1075 7 1 1 0 0 0 0 0 0
1077 7 0 0 0 0 0 0 0 0
1078 7 0 0 0 0 0 0 0 0
1079 7 0 0 0 0 0 0 0 0
1080 7 0 0 0 0 0 0 0 0
1081 7 0 0 0 0 0 0 0 0
1082 7 0 0 0 0 0 0 0 0
1083 7 0 0 0 0 0 0 0 0
1084 6 0 0 6 0 0 0 0 0
1088 6 0 0 0 0 0 0 0 0
1089 6 0 0 0 0 0 0 0 0
1090 6 0 0 0 0 0 0 0 0
1096 6 0 0 0 0 0 0 0 0
1097 6 0 0 0 0 0 0 0 0
1098 12 1 1 0 0 0 0 0 0
1102 6 0 0 0 0 0 0 0 0
1103 6 0 0 0 0 0 0 0 0
1106 6 0 0 6 2 2 0 0 0
1107 6 0 0 6 2 2 0 0 0
1108 6 0 0 0 0 0 0 0 0
1111 6 0 0 0 0 0 0 0 0
1112 6 0 0 0 0 0 0 0 0
1113 6 0 0 0 0 0 0 0 0
1119 6 0 0 0 0 0 0 0 0
1120 6 0 0 0 0 0 0 0 0
1121 6 2 1 0 0 0 0 0 0
1122 6 0 0 0 0 0 0 0 0
1123 6 0 0 0 0 0 0 0 0
1124 6 0 0 0 0 0 0 0 0
1196 7 1 1 0 0 0 0 0 0
1197 7 0 0 7 1 1 0 0 0
1198 7 0 0 7 2 2 0 0 0
1199 7 0 0 0 0 0 0 0 0
1200 7 2 1 0 0 0 0 0 0
1202 7 0 0 0 0 0 0 0 0
1203 7 0 0 0 0 0 0 0 0
1204 7 0 0 0 0 0 0 0 0
1205 7 0 0 0 0 0 0 0 0
1206 7 0 0 0 0 0 0 0 0
1207 7 0 0 0 0 0 0 0 0
1208 7 0 0 0 0 0 0 0 0
1209 5 0 0 5 0 0 0 0 0
1213 5 0 0 0 0 0 0 0 0
1214 5 0 0 0 0 0 0 0 0
1215 5 0 0 0 0 0 0 0 0
1221 5 0 0 0 0 0 0 0 0
1222 5 0 0 0 0 0 0 0 0
1223 10 1 1 0 0 0 0 0 0
1227 5 0 0 0 0 0 0 0 0
1228 5 0 0 0 0 0 0 0 0
1231 5 0 0 5 2 1 0 0 0
1232 5 0 0 5 1 1 0 0 0
1233 5 0 0 0 0 0 0 0 0
1236 5 0 0 0 0 0 0 0 0
1237 5 0 0 0 0 0 0 0 0
1238 5 0 0 0 0 0 0 0 0
1244 5 0 0 0 0 0 0 0 0
1245 5 0 0 0 0 0 0 0 0
1246 5 1 1 0 0 0 0 0 0
1247 5 0 0 0 0 0 0 0 0
1248 5 0 0 0 0 0 0 0 0
1249 5 0 0 0 0 0 0 0 0
1321 21 1 1 0 0 0 0 0 0
1322 21 0 0 21 3 1 0 0 0
1323 21 0 0 21 0 0 0 0 0
1324 21 0 0 0 0 0 0 0 0
1325 21 1 1 0 0 0 0 0 0
1327 21 0 0 0 0 0 0 0 0
1328 21 0 0 0 0 0 0 0 0
1329 21 0 0 0 0 0 0 0 0
1330 21 0 0 0 0 0 0 0 0
1331 21 0 0 0 0 0 0 0 0
1332 21 0 0 0 0 0 0 0 0
1333 21 0 0 0 0 0 0 0 0
1334 9 0 0 9 0 0 0 0 0
1338 9 0 0 0 0 0 0 0 0
1339 9 0 0 0 0 0 0 0 0
1340 9 0 0 0 0 0 0 0 0
1346 9 0 0 0 0 0 0 0 0
1347 9 0 0 0 0 0 0 0 0
1348 18 1 1 0 0 0 0 0 0
1352 9 0 0 0 0 0 0 0 0
1353 9 0 0 0 0 0 0 0 0
1356 9 0 0 9 0 0 0 0 0
1357 9 0 0 9 1 1 0 0 0
1358 9 0 0 0 0 0 0 0 0
1361 9 0 0 0 0 0 0 0 0
1362 9 0 0 0 0 0 0 0 0
1363 9 0 0 0 0 0 0 0 0
1369 9 0 0 0 0 0 0 0 0
1370 9 0 0 0 0 0 0 0 0
1371 9 1 1 0 0 0 0 0 0
1372 9 0 0 0 0 0 0 0 0
1373 9 0 0 0 0 0 0 0 0
1374 9 0 0 0 0 0 0 0 0
1446 7 2 1 0 0 0 0 0 0
1447 7 0 0 7 2 1 0 0 0
1448 7 0 0 7 2 1 0 0 0
1449 7 0 0 0 0 0 0 0 0
1450 7 1 1 0 0 0 0 0 0
1452 7 0 0 0 0 0 0 0 0
1453 7 0 0 0 0 0 0 0 0
1454 7 0 0 0 0 0 0 0 0
1455 7 0 0 0 0 0 0 0 0
1456 7 0 0 0 0 0 0 0 0
1457 7 0 0 0 0 0 0 0 0
1458 7 0 0 0 0 0 0 0 0
1459 6 0 0 6 0 0 0 0 0
1463 6 0 0 0 0 0 0 0 0
1464 6 0 0 0 0 0 0 0 0
1465 6 0 0 0 0 0 0 0 0
1471 6 0 0 0 0 0 0 0 0
1472 6 0 0 0 0 0 0 0 0
1473 12 1 1 0 0 0 0 0 0
1477 6 0 0 0 0 0 0 0 0
1478 6 0 0 0 0 0 0 0 0
1481 6 0 0 6 1 1 0 0 0
1482 6 0 0 6 1 1 0 0 0
1483 6 0 0 0 0 0 0 0 0
1486 6 0 0 0 0 0 0 0 0
1487 6 0 0 0 0 0 0 0 0
1488 6 0 0 0 0 0 0 0 0
1494 6 0 0 0 0 0 0 0 0
1495 6 0 0 0 0 0 0 0 0
1496 6 1 1 0 0 0 0 0 0
1497 6 0 0 0 0 0 0 0 0
1498 6 0 0 0 0 0 0 0 0
1499 6 0 0 0 0 0 0 0 0
1506 1 0 0 0 0 0 0 0 0
1507 1 0 0 0 0 0 0 0 0
1509 1 0 0 0 0 0 0 0 0
1510 1 0 0 0 0 0 0 0 0
1512 1 0 0 1 0 0 0 0 0
1513 1 0 0 1 0 0 0 0 0
1514 1 0 0 0 0 0 0 0 0
1517 1 0 0 0 0 0 0 0 0
1518 1 0 0 0 0 0 0 0 0
1519 1 0 0 0 0 0 0 0 0
1525 1 0 0 0 0 0 0 0 0
1526 1 1 1 0 0 0 0 0 0
1527 1 0 0 0 0 0 0 0 0
1528 1 0 0 0 0 0 0 0 0
1529 1 0 0 0 0 0 0 0 0
1530 1 0 0 0 0 0 0 0 0
1571 5 1 1 0 0 0 0 0 0
1572 5 0 0 5 3 2 0 0 0
1573 5 0 0 5 1 1 0 0 0
1574 5 0 0 0 0 0 0 0 0
1575 5 1 1 0 0 0 0 0 0
1577 5 0 0 0 0 0 0 0 0
1578 5 0 0 0 0 0 0 0 0
1579 5 0 0 0 0 0 0 0 0
1580 5 0 0 0 0 0 0 0 0
1581 5 0 0 0 0 0 0 0 0
1582 5 0 0 0 0 0 0 0 0
1583 5 0 0 0 0 0 0 0 0
1584 4 0 0 4 0 0 0 0 0
1588 4 0 0 0 0 0 0 0 0
1589 4 0 0 0 0 0 0 0 0
1590 4 0 0 0 0 0 0 0 0
1596 4 0 0 0 0 0 0 0 0
1597 4 0 0 0 0 0 0 0 0
1598 8 1 1 0 0 0 0 0 0
1602 4 0 0 0 0 0 0 0 0
1603 4 0 0 0 0 0 0 0 0
1606 4 0 0 4 3 2 0 0 0
1607 4 0 0 4 0 0 0 0 0
1608 4 0 0 0 0 0 0 0 0
1611 4 0 0 0 0 0 0 0 0
1612 4 0 0 0 0 0 0 0 0
1613 4 0 0 0 0 0 0 0 0
1619 4 0 0 0 0 0 0 0 0
1620 4 0 0 0 0 0 0 0 0
1621 4 1 1 0 0 0 0 0 0
1622 4 0 0 0 0 0 0 0 0
1623 4 0 0 0 0 0 0 0 0
1624 4 0 0 0 0 0 0 0 0
1696 31 1 1 0 0 0 0 0 0
1697 31 0 0 31 2 2 0 0 0
1698 31 0 0 31 1 1 0 0 0
1699 31 0 0 0 0 0 0 0 0
1700 31 1 1 0 0 0 0 0 0
1702 31 0 0 0 0 0 0 0 0
1703 31 0 0 0 0 0 0 0 0
1704 31 0 0 0 0 0 0 0 0
1705 31 0 0 0 0 0 0 0 0
1706 31 0 0 0 0 0 0 0 0
1707 31 0 0 0 0 0 0 0 0
1708 31 0 0 0 0 0 0 0 0
1709 9 0 0 9 0 0 0 0 0
1713 9 0 0 0 0 0 0 0 0
1714 9 0 0 0 0 0 0 0 0
1715 9 0 0 0 0 0 0 0 0
1721 9 0 0 0 0 0 0 0 0
1722 9 0 0 0 0 0 0 0 0
1723 18 1 1 0 0 0 0 0 0
1727 9 0 0 0 0 0 0 0 0
1728 9 0 0 0 0 0 0 0 0
1731 9 0 0 9 0 0 0 0 0
1732 9 0 0 9 2 2 0 0 0
1733 9 0 0 0 0 0 0 0 0
1736 9 0 0 0 0 0 0 0 0
1737 9 0 0 0 0 0 0 0 0
1738 9 0 0 0 0 0 0 0 0
1744 9 0 0 0 0 0 0 0 0
1745 9 0 0 0 0 0 0 0 0
1746 9 1 1 0 0 0 0 0 0
1747 9 0 0 0 0 0 0 0 0
1748 9 0 0 0 0 0 0 0 0
1749 9 0 0 0 0 0 0 0 0
1756 1 0 0 0 0 0 0 0 0
1757 1 0 0 0 0 0 0 0 0
1759 1 0 0 0 0 0 0 0 0
1760 1 0 0 0 0 0 0 0 0
1762 1 0 0 1 0 0 0 0 0
1763 1 0 0 1 0 0 0 0 0
1764 1 0 0 0 0 0 0 0 0
1767 1 0 0 0 0 0 0 0 0
1768 1 0 0 0 0 0 0 0 0
1769 1 0 0 0 0 0 0 0 0
1775 1 0 0 0 0 0 0 0 0
1776 1 1 1 0 0 0 0 0 0
1777 1 0 0 0 0 0 0 0 0
1778 1 0 0 0 0 0 0 0 0
1779 1 0 0 0 0 0 0 0 0
1780 1 0 0 0 0 0 0 0 0
1821 18 1 1 0 0 0 0 0 0
1822 18 0 0 18 3 0 0 0 0
1823 18 0 0 18 1 1 0 0 0
1824 18 0 0 0 0 0 0 0 0
1825 18 1 1 0 0 0 0 0 0
1827 18 0 0 0 0 0 0 0 0
1828 18 0 0 0 0 0 0 0 0
1829 18 0 0 0 0 0 0 0 0
1830 18 0 0 0 0 0 0 0 0
1831 18 0 0 0 0 0 0 0 0
1832 18 0 0 0 0 0 0 0 0
1833 18 0 0 0 0 0 0 0 0
1834 4 0 0 4 0 0 0 0 0
1838 4 0 0 0 0 0 0 0 0
1839 4 0 0 0 0 0 0 0 0
1840 4 0 0 0 0 0 0 0 0
1846 4 0 0 0 0 0 0 0 0
1847 4 0 0 0 0 0 0 0 0
1848 8 1 1 0 0 0 0 0 0
1852 4 0 0 0 0 0 0 0 0
1853 4 0 0 0 0 0 0 0 0
1856 4 0 0 4 2 2 0 0 0
1857 4 0 0 4 1 0 0 0 0
1858 4 0 0 0 0 0 0 0 0
1861 4 0 0 0 0 0 0 0 0
1862 4 0 0 0 0 0 0 0 0
1863 4 0 0 0 0 0 0 0 0
1869 4 0 0 0 0 0 0 0 0
1870 4 0 0 0 0 0 0 0 0
1871 4 1 1 0 0 0 0 0 0
1872 4 0 0 0 0 0 0 0 0
1873 4 0 0 0 0 0 0 0 0
1874 4 0 0 0 0 0 0 0 0
1881 1 0 0 0 0 0 0 0 0
1882 1 0 0 0 0 0 0 0 0
1884 1 0 0 0 0 0 0 0 0
1885 1 0 0 0 0 0 0 0 0
1887 1 0 0 1 0 0 0 0 0
1888 1 0 0 1 0 0 0 0 0
1889 1 0 0 0 0 0 0 0 0
1892 1 0 0 0 0 0 0 0 0
1893 1 0 0 0 0 0 0 0 0
1894 1 0 0 0 0 0 0 0 0
1900 1 0 0 0 0 0 0 0 0
1901 1 1 1 0 0 0 0 0 0
1902 1 0 0 0 0 0 0 0 0
1903 1 0 0 0 0 0 0 0 0
1904 1 0 0 0 0 0 0 0 0
1905 1 0 0 0 0 0 0 0 0
1946 13 1 1 0 0 0 0 0 0
1947 13 0 0 13 1 1 0 0 0
1948 13 0 0 13 1 1 0 0 0
1949 13 0 0 0 0 0 0 0 0
1950 13 1 1 0 0 0 0 0 0
1952 13 0 0 0 0 0 0 0 0
1953 13 0 0 0 0 0 0 0 0
1954 13 0 0 0 0 0 0 0 0
1955 13 0 0 0 0 0 0 0 0
1956 13 0 0 0 0 0 0 0 0
1957 13 0 0 0 0 0 0 0 0
1958 13 0 0 0 0 0 0 0 0
1959 8 0 0 8 0 0 0 0 0
1963 8 0 0 0 0 0 0 0 0
1964 8 0 0 0 0 0 0 0 0
1965 8 0 0 0 0 0 0 0 0
1971 8 0 0 0 0 0 0 0 0
1972 8 0 0 0 0 0 0 0 0
1973 16 1 1 0 0 0 0 0 0
1977 8 0 0 0 0 0 0 0 0
1978 8 0 0 0 0 0 0 0 0
1981 8 0 0 8 0 0 0 0 0
1982 8 0 0 8 1 1 0 0 0
1983 8 0 0 0 0 0 0 0 0
1986 8 0 0 0 0 0 0 0 0
1987 8 0 0 0 0 0 0 0 0
1988 8 0 0 0 0 0 0 0 0
1994 8 0 0 0 0 0 0 0 0
1995 8 0 0 0 0 0 0 0 0
1996 8 1 1 0 0 0 0 0 0
1997 8 0 0 0 0 0 0 0 0
1998 8 0 0 0 0 0 0 0 0
1999 8 0 0 0 0 0 0 0 0
2071 22 1 1 0 0 0 0 0 0
2072 22 0 0 22 2 0 0 0 0
2073 22 0 0 22 3 1 0 0 0
2074 22 0 0 0 0 0 0 0 0
2075 22 1 1 0 0 0 0 0 0
2077 22 0 0 0 0 0 0 0 0
2078 22 0 0 0 0 0 0 0 0
2079 22 0 0 0 0 0 0 0 0
2080 22 0 0 0 0 0 0 0 0
2081 22 0 0 0 0 0 0 0 0
2082 22 0 0 0 0 0 0 0 0
2083 22 0 0 0 0 0 0 0 0
2085 21 0 0 21 0 0 0 0 0
2089 21 0 0 0 0 0 0 0 0
2090 21 0 0 0 0 0 0 0 0
2091 21 0 0 0 0 0 0 0 0
2097 21 0 0 0 0 0 0 0 0
2098 21 0 0 0 0 0 0 0 0
2100 42 1 1 0 0 0 0 0 0
2104 21 0 0 0 0 0 0 0 0
2105 21 0 0 0 0 0 0 0 0
2108 21 0 0 21 3 2 0 0 0
2109 21 0 0 21 0 0 0 0 0
2110 21 0 0 0 0 0 0 0 0
2113 21 0 0 0 0 0 0 0 0
2114 21 0 0 0 0 0 0 0 0
2115 21 0 0 0 0 0 0 0 0
2121 21 0 0 0 0 0 0 0 0
2122 21 0 0 0 0 0 0 0 0
2123 21 1 1 0 0 0 0 0 0
2124 21 0 0 0 0 0 0 0 0
2125 21 0 0 0 0 0 0 0 0
2126 21 0 0 0 0 0 0 0 0
2200 93 0 0 0 0 0 0 0 0
2202 203 1 1 0 0 0 0 0 0
2203 203 0 0 0 0 0 0 0 0
2204 203 0 0 0 0 0 0 0 0
2205 203 1 1 0 0 0 0 0 0
2206 411 0 0 0 0 0 0 0 0
2211 846 0 0 0 0 0 0 0 0
2217 846 0 0 846 0 0 0 0 0
2218 846 0 0 846 0 0 0 0 0
2226 846 0 0 0 0 0 0 0 0
2227 846 0 0 846 0 0 0 0 0
fl=/build/glibc-uZu3wS/glibc-2.27/string/../sysdeps/x86_64/strcspn.S
fn=strcspn
30 1 1 1 0 0 0 0 0 0
37 1 0 0 0 0 0 0 0 0
38 1 0 0 0 0 0 0 0 0
40 1 0 0 0 0 0 0 0 0
41 1 0 0 0 0 0 0 0 0
42 1 0 0 0 0 0 0 0 0
43 1 0 0 0 0 0 0 0 0
44 33 0 0 0 0 0 32 4 4
47 2 0 0 0 0 0 0 0 0
54 1 0 0 1 0 0 0 0 0
55 1 0 0 0 0 0 0 0 0
56 1 0 0 0 0 0 0 0 0
57 1 0 0 0 0 0 1 0 0
59 1 0 0 1 0 0 0 0 0
60 1 0 0 0 0 0 0 0 0
61 1 0 0 0 0 0 0 0 0
62 1 0 0 0 0 0 1 0 0
64 1 0 0 1 0 0 0 0 0
65 1 0 0 0 0 0 0 0 0
66 1 0 0 0 0 0 0 0 0
75 3 1 1 0 0 0 0 0 0
87 12 0 0 0 0 0 0 0 0
89 12 0 0 12 0 0 0 0 0
90 12 0 0 12 0 0 0 0 0
91 12 0 0 0 0 0 0 0 0
93 12 0 0 12 0 0 0 0 0
94 12 0 0 12 0 0 0 0 0
95 12 0 0 0 0 0 0 0 0
97 12 0 0 12 0 0 0 0 0
98 12 0 0 12 0 0 0 0 0
99 12 0 0 0 0 0 0 0 0
101 12 0 0 12 1 1 0 0 0
102 12 0 0 12 0 0 0 0 0
103 12 0 0 0 0 0 0 0 0
105 1 0 0 0 0 0 0 0 0
106 1 0 0 0 0 0 0 0 0
107 1 0 0 0 0 0 0 0 0
109 1 0 0 0 0 0 0 0 0
116 1 0 0 0 0 0 0 0 0
120 1 0 0 1 0 0 0 0 0
fl=/build/glibc-uZu3wS/glibc-2.27/string/strdup.c
fn=strdup
40 24 1 1 0 0 0 12 0 0
41 12 1 1 0 0 0 6 0 0
42 12 0 0 0 0 0 6 0 0
44 12 0 0 0 0 0 0 0 0
47 24 0 0 0 0 0 0 0 0
48 18 0 0 12 0 0 0 0 0
fl=/build/glibc-uZu3wS/glibc-2.27/time/../sysdeps/generic/dl-hash.h
fn=gettimeofday
43 1 0 0 0 0 0 0 0 0
44 1 0 0 0 0 0 0 0 0
45 13 0 0 4 0 0 0 0 0
48 12 1 1 0 0 0 0 0 0
62 16 0 0 0 0 0 0 0 0
67 1 0 0 0 0 0 0 0 0
fn=time
44 1 1 1 0 0 0 0 0 0
45 13 1 1 4 1 1 0 0 0
48 12 0 0 0 0 0 0 0 0
62 16 0 0 0 0 0 0 0 0
67 1 0 0 0 0 0 0 0 0
fl=/build/glibc-uZu3wS/glibc-2.27/time/../sysdeps/unix/sysv/linux/x86/gettimeofday.c
fn=gettimeofday
42 16 2 2 1 0 0 4 0 0
fl=/build/glibc-uZu3wS/glibc-2.27/time/../sysdeps/unix/sysv/linux/x86/time.c
fn=time
43 17 1 1 1 0 0 4 0 0
fl=/build/glibc-uZu3wS/glibc-2.27/wcsmbs/../sysdeps/x86_64/multiarch/ifunc-avx2.h
fn=wcschr
30 8 0 0 0 0 0 0 0 0
32 6 2 2 4 0 0 0 0 0
fn=wcslen
30 4 0 0 0 0 0 0 0 0
32 3 2 2 2 0 0 0 0 0
fn=wmemchr
30 8 0 0 0 0 0 0 0 0
32 6 1 1 4 0 0 0 0 0
fl=/build/glibc-uZu3wS/glibc-2.27/wcsmbs/../sysdeps/x86_64/multiarch/ifunc-wmemset.h
fn=wmemset
30 6 0 0 0 0 0 0 0 0
32 8 1 1 4 0 0 0 0 0
34 8 1 1 0 0 0 0 0 0
35 2 0 0 0 0 0 0 0 0
fl=/build/glibc-uZu3wS/glibc-2.27/wcsmbs/../sysdeps/x86_64/multiarch/wcschr.c
fn=wcschr
31 2 0 0 2 0 0 0 0 0
fl=/build/glibc-uZu3wS/glibc-2.27/wcsmbs/../sysdeps/x86_64/multiarch/wcslen.c
fn=wcslen
29 1 0 0 1 0 0 0 0 0
fl=/build/glibc-uZu3wS/glibc-2.27/wcsmbs/../sysdeps/x86_64/multiarch/wcsnlen.c
fn=wcsnlen
38 3 0 0 0 0 0 0 0 0
40 3 1 1 2 0 0 0 0 0
49 1 0 0 1 0 0 0 0 0
fl=/build/glibc-uZu3wS/glibc-2.27/wcsmbs/../sysdeps/x86_64/multiarch/wmemchr.c
fn=wmemchr
31 2 0 0 2 0 0 0 0 0
fl=/build/glibc-uZu3wS/glibc-2.27/wcsmbs/../sysdeps/x86_64/multiarch/wmemset.c
fn=wmemset
31 2 0 0 2 0 0 0 0 0
fl=???
fn=???
0 692324635 96 89 692323341 27 0 269 9 2
fn=__libc_csu_init
0 34 3 3 8 1 0 8 0 0
fn=_start
0 11 1 1 2 1 0 3 0 0
fn=gen_matrix
0 5538583138 3 3 692322900 1 1 1384645636 86540351 86540351
fn=get_args
0 40 2 2 10 0 0 10 0 0
fn=main
0 31 3 3 7 0 0 11 0 0
summary: 40110359591 1199 1170 13154211201 3534 2509 5538602616 86541201 86541104
